# relative_time, cycles_done, cur_item, corpus_count, pending_total, pending_favs, map_size, saved_crashes, saved_hangs, max_depth, execs_per_sec, total_execs, edges_found, total_crashes, servers_count
65, 0, 8, 324, 262, 26, 43.89%, 0, 3, 2, 9.22, 7545, 643, 0, 0
71, 0, 8, 331, 269, 26, 44.03%, 0, 3, 2, 64.08, 8451, 645, 0, 0
76, 0, 8, 333, 271, 26, 44.03%, 0, 4, 2, 95.99, 9157, 645, 0, 0
81, 0, 8, 335, 273, 26, 44.10%, 0, 4, 2, 484.63, 10021, 646, 0, 0
87, 0, 8, 337, 275, 26, 44.10%, 0, 5, 2, 168.00, 10781, 646, 0, 0
92, 0, 8, 340, 278, 26, 44.10%, 0, 5, 2, 13.59, 11456, 646, 0, 0
98, 0, 8, 343, 281, 26, 44.30%, 0, 6, 2, 77.87, 11962, 649, 0, 0
103, 0, 8, 344, 282, 26, 44.30%, 0, 7, 2, 43.62, 12629, 649, 0, 0
108, 0, 8, 348, 286, 26, 44.30%, 0, 7, 2, 444.27, 13708, 649, 0, 0
115, 0, 8, 351, 289, 26, 44.30%, 0, 8, 2, 67.18, 15152, 649, 0, 0
120, 0, 8, 351, 289, 26, 44.30%, 0, 10, 2, 3.96, 15302, 649, 0, 0
125, 0, 8, 352, 290, 26, 44.30%, 0, 10, 2, 560.00, 16121, 649, 0, 0
131, 0, 8, 354, 292, 26, 44.30%, 0, 11, 2, 122.18, 16559, 649, 0, 0
138, 0, 8, 361, 299, 26, 44.51%, 0, 11, 2, 15.61, 16928, 652, 0, 0
145, 0, 8, 363, 301, 26, 44.51%, 0, 11, 2, 2.30, 16967, 652, 0, 0
152, 0, 8, 366, 304, 26, 44.51%, 0, 11, 2, 2.76, 17032, 652, 0, 0
158, 0, 8, 367, 305, 26, 44.51%, 0, 11, 2, 2.72, 17045, 652, 0, 0
163, 0, 8, 370, 308, 26, 44.51%, 0, 12, 2, 6.17, 17114, 652, 0, 0
171, 0, 8, 371, 309, 26, 44.51%, 0, 12, 2, 5.89, 17130, 652, 0, 0
179, 0, 8, 374, 312, 26, 44.57%, 0, 12, 2, 7.72, 17188, 653, 0, 0
185, 0, 8, 379, 317, 26, 44.57%, 0, 12, 2, 3.97, 17298, 653, 0, 0
190, 0, 8, 381, 319, 26, 44.57%, 0, 13, 2, 3.97, 17364, 653, 0, 0
195, 0, 8, 383, 321, 26, 44.57%, 0, 14, 2, 37.24, 17435, 653, 0, 0
206, 0, 8, 385, 323, 26, 44.64%, 0, 14, 2, 5.18, 17499, 654, 0, 0
211, 0, 8, 386, 324, 26, 44.64%, 0, 16, 2, 6.02, 17544, 654, 0, 0
222, 0, 8, 388, 326, 26, 44.64%, 0, 16, 2, 9.02, 17619, 654, 0, 0
227, 0, 8, 389, 327, 26, 44.64%, 0, 17, 2, 39.03, 17669, 654, 0, 0
233, 0, 8, 389, 327, 26, 44.64%, 0, 18, 2, 7.23, 17713, 654, 0, 0
243, 0, 8, 390, 328, 26, 44.71%, 0, 19, 2, 6.87, 17747, 655, 0, 0
248, 0, 8, 390, 328, 26, 44.71%, 0, 20, 2, 7.17, 17781, 655, 0, 0
253, 0, 8, 390, 328, 26, 44.71%, 0, 20, 2, 10.20, 17849, 655, 0, 0
258, 0, 8, 390, 328, 26, 44.71%, 0, 20, 2, 5.96, 17896, 655, 0, 0
264, 0, 8, 391, 329, 26, 44.71%, 0, 20, 2, 3.85, 17983, 655, 0, 0
273, 0, 8, 392, 330, 26, 44.78%, 0, 20, 2, 4.69, 18020, 656, 0, 0
279, 0, 8, 394, 332, 26, 44.78%, 0, 20, 2, 6.29, 18102, 656, 0, 0
284, 0, 8, 394, 332, 26, 44.78%, 0, 20, 2, 7.28, 18152, 656, 0, 0
292, 0, 8, 396, 334, 26, 44.91%, 0, 20, 2, 2.14, 18205, 658, 0, 0
297, 0, 8, 397, 335, 26, 44.91%, 0, 20, 2, 15.37, 18264, 658, 0, 0
302, 0, 8, 397, 335, 26, 44.91%, 0, 21, 2, 17.44, 18303, 658, 0, 0
313, 0, 8, 399, 337, 26, 44.98%, 0, 21, 2, 2.14, 18376, 659, 0, 0
322, 0, 8, 400, 338, 26, 44.98%, 0, 21, 2, 1.99, 18427, 659, 0, 0
332, 0, 8, 401, 339, 26, 44.98%, 0, 22, 2, 2.71, 18498, 659, 0, 0
337, 0, 8, 401, 339, 26, 44.98%, 0, 22, 2, 1.99, 18535, 659, 0, 0
342, 0, 8, 401, 339, 26, 44.98%, 0, 24, 2, 7.84, 18561, 659, 0, 0
347, 0, 8, 401, 339, 26, 44.98%, 0, 24, 2, 8.41, 18609, 659, 0, 0
353, 0, 8, 401, 339, 26, 44.98%, 0, 25, 2, 7.52, 18641, 659, 0, 0
358, 0, 8, 401, 339, 26, 44.98%, 0, 26, 2, 16.95, 18724, 659, 0, 0
363, 0, 8, 405, 343, 26, 44.98%, 0, 27, 2, 1.99, 18841, 659, 0, 0
369, 0, 8, 406, 344, 26, 44.98%, 0, 28, 2, 13.18, 18881, 659, 0, 0
374, 0, 8, 406, 344, 26, 44.98%, 0, 28, 2, 14.58, 18967, 659, 0, 0
379, 0, 8, 406, 344, 26, 44.98%, 0, 28, 2, 3.23, 19004, 659, 0, 0
385, 0, 8, 406, 344, 26, 44.98%, 0, 29, 2, 20.38, 19055, 659, 0, 0
390, 0, 8, 406, 344, 26, 44.98%, 0, 29, 2, 5.62, 19093, 659, 0, 0
395, 0, 8, 406, 344, 26, 44.98%, 0, 29, 2, 6.72, 19134, 659, 0, 0
400, 0, 8, 406, 344, 26, 44.98%, 0, 29, 2, 7.16, 19217, 659, 0, 0
406, 0, 8, 406, 344, 26, 44.98%, 0, 30, 2, 2.18, 19268, 659, 0, 0
411, 0, 8, 407, 345, 26, 44.98%, 0, 30, 2, 16.65, 19357, 659, 0, 0
416, 0, 8, 408, 346, 26, 45.05%, 0, 31, 2, 14.88, 19404, 660, 0, 0
421, 0, 8, 408, 346, 26, 45.05%, 0, 31, 2, 32.85, 19459, 660, 0, 0
427, 0, 8, 408, 346, 26, 45.05%, 0, 32, 2, 2.09, 19496, 660, 0, 0
432, 0, 8, 408, 346, 26, 45.05%, 0, 33, 2, 1.66, 19544, 660, 0, 0
438, 0, 8, 409, 347, 26, 45.05%, 0, 33, 2, 6.00, 19604, 660, 0, 0
443, 0, 8, 409, 347, 26, 45.05%, 0, 33, 2, 6.65, 19641, 660, 0, 0
448, 0, 8, 409, 347, 26, 45.05%, 0, 33, 2, 10.07, 19716, 660, 0, 0
453, 0, 8, 409, 347, 26, 45.05%, 0, 33, 2, 14.80, 19781, 660, 0, 0
458, 0, 8, 409, 347, 26, 45.05%, 0, 33, 2, 5.94, 19828, 660, 0, 0
467, 0, 8, 410, 348, 26, 45.12%, 0, 33, 2, 3.51, 19896, 661, 0, 0
472, 0, 8, 411, 349, 26, 45.12%, 0, 33, 2, 4.57, 19946, 661, 0, 0
478, 0, 8, 411, 349, 26, 45.12%, 0, 33, 2, 5.91, 20000, 661, 0, 0
483, 0, 8, 412, 350, 26, 45.12%, 0, 34, 2, 5.58, 20054, 661, 0, 0
488, 0, 8, 412, 350, 26, 45.12%, 0, 34, 2, 8.73, 20118, 661, 0, 0
493, 0, 8, 412, 350, 26, 45.12%, 0, 34, 2, 8.39, 20160, 661, 0, 0
499, 0, 8, 412, 350, 26, 45.12%, 0, 35, 2, 3.10, 20237, 661, 0, 0
504, 0, 8, 413, 351, 26, 45.12%, 0, 35, 2, 3.16, 20305, 661, 0, 0
510, 0, 8, 413, 351, 26, 45.12%, 0, 35, 2, 14.62, 20354, 661, 0, 0
515, 0, 8, 413, 351, 26, 45.12%, 0, 35, 2, 17.74, 20408, 661, 0, 0
520, 0, 8, 413, 351, 26, 45.12%, 0, 35, 2, 3.65, 20483, 661, 0, 0
525, 0, 8, 413, 351, 26, 45.12%, 0, 35, 2, 5.01, 20515, 661, 0, 0
530, 0, 8, 413, 351, 26, 45.12%, 0, 35, 2, 7.76, 20570, 661, 0, 0
535, 0, 8, 413, 351, 26, 45.12%, 0, 35, 2, 8.08, 20653, 661, 0, 0
541, 0, 8, 413, 351, 26, 45.12%, 0, 35, 2, 12.08, 20738, 661, 0, 0
546, 0, 8, 413, 351, 26, 45.12%, 0, 36, 2, 2.64, 20765, 661, 0, 0
551, 0, 8, 413, 351, 26, 45.12%, 0, 36, 2, 13.26, 20858, 661, 0, 0
556, 0, 8, 413, 351, 26, 45.12%, 0, 36, 2, 12.63, 20924, 661, 0, 0
562, 0, 8, 413, 351, 26, 45.12%, 0, 36, 2, 5.26, 20988, 661, 0, 0
567, 0, 8, 413, 351, 26, 45.12%, 0, 36, 2, 1.99, 21020, 661, 0, 0
572, 0, 8, 413, 351, 26, 45.12%, 0, 36, 2, 1.99, 21052, 661, 0, 0
577, 0, 8, 413, 351, 26, 45.12%, 0, 36, 2, 22.81, 21139, 661, 0, 0
582, 0, 8, 413, 351, 26, 45.12%, 0, 36, 2, 3.76, 21180, 661, 0, 0
587, 0, 8, 413, 351, 26, 45.12%, 0, 36, 2, 6.16, 21224, 661, 0, 0
593, 0, 8, 413, 351, 26, 45.12%, 0, 36, 2, 8.17, 21273, 661, 0, 0
598, 0, 8, 413, 351, 26, 45.12%, 0, 36, 2, 9.33, 21327, 661, 0, 0
603, 0, 8, 414, 352, 26, 45.12%, 0, 37, 2, 11.22, 21384, 661, 0, 0
608, 0, 8, 414, 352, 26, 45.12%, 0, 37, 2, 25.46, 21444, 661, 0, 0
613, 0, 8, 414, 352, 26, 45.12%, 0, 37, 2, 7.46, 21512, 661, 0, 0
619, 0, 8, 414, 352, 26, 45.12%, 0, 37, 2, 7.80, 21556, 661, 0, 0
624, 0, 8, 414, 352, 26, 45.12%, 0, 37, 2, 12.14, 21642, 661, 0, 0
629, 0, 8, 414, 352, 26, 45.12%, 0, 37, 2, 3.95, 21698, 661, 0, 0
634, 0, 8, 414, 352, 26, 45.12%, 0, 37, 2, 32.14, 21763, 661, 0, 0
640, 0, 8, 414, 352, 26, 45.12%, 0, 37, 2, 14.37, 21800, 661, 0, 0
645, 0, 8, 414, 352, 26, 45.12%, 0, 37, 2, 13.34, 21863, 661, 0, 0
650, 0, 8, 414, 352, 26, 45.12%, 0, 38, 2, 1.99, 21905, 661, 0, 0
655, 0, 8, 414, 352, 26, 45.12%, 0, 38, 2, 5.62, 21948, 661, 0, 0
