# relative_time, cycles_done, cur_item, corpus_count, pending_total, pending_favs, map_size, saved_crashes, saved_hangs, max_depth, execs_per_sec, total_execs, edges_found, total_crashes, servers_count
61, 0, 3, 165, 149, 54, 4.82%, 0, 0, 2, 33.97, 2933, 1487, 0, 0
66, 0, 3, 169, 153, 54, 4.84%, 0, 0, 2, 33.77, 3108, 1494, 0, 0
71, 0, 3, 169, 153, 54, 4.84%, 0, 0, 2, 36.11, 3291, 1494, 0, 0
77, 0, 3, 169, 153, 54, 4.84%, 0, 0, 2, 38.03, 3491, 1494, 0, 0
82, 0, 3, 169, 153, 54, 4.84%, 0, 0, 2, 38.41, 3691, 1494, 0, 0
87, 0, 3, 169, 153, 54, 4.84%, 0, 0, 2, 37.95, 3883, 1494, 0, 0
92, 0, 6, 170, 153, 106, 4.85%, 0, 0, 2, 34.81, 4047, 1496, 0, 0
98, 0, 8, 172, 153, 106, 4.85%, 0, 0, 2, 34.69, 4243, 1498, 0, 0
103, 0, 12, 173, 152, 105, 4.86%, 0, 0, 2, 34.26, 4433, 1500, 0, 0
108, 0, 12, 188, 167, 105, 4.94%, 0, 0, 2, 36.33, 4621, 1523, 0, 0
113, 0, 12, 200, 179, 105, 5.31%, 0, 0, 2, 36.70, 4801, 1640, 0, 0
119, 0, 12, 216, 195, 105, 5.75%, 0, 0, 2, 38.24, 5004, 1774, 0, 0
124, 0, 12, 227, 206, 105, 6.07%, 0, 0, 2, 38.27, 5200, 1874, 0, 0
129, 0, 12, 242, 221, 105, 6.17%, 0, 0, 2, 38.70, 5401, 1904, 0, 0
134, 0, 12, 249, 228, 105, 6.19%, 0, 0, 2, 37.43, 5593, 1909, 0, 0
139, 0, 12, 254, 233, 105, 6.23%, 0, 0, 2, 34.75, 5768, 1922, 0, 0
144, 0, 12, 257, 236, 105, 6.23%, 0, 0, 2, 34.42, 5949, 1922, 0, 0
150, 0, 12, 263, 242, 105, 6.23%, 0, 0, 2, 34.45, 6126, 1923, 0, 0
155, 0, 12, 263, 242, 105, 6.23%, 0, 0, 2, 34.51, 6304, 1923, 0, 0
160, 0, 12, 265, 244, 105, 6.33%, 0, 0, 2, 34.92, 6485, 1952, 0, 0
165, 0, 12, 266, 245, 105, 6.33%, 0, 0, 2, 36.04, 6673, 1953, 0, 0
170, 0, 12, 270, 249, 105, 6.34%, 0, 0, 2, 36.57, 6859, 1956, 0, 0
175, 0, 12, 270, 249, 105, 6.34%, 0, 0, 2, 37.98, 7054, 1956, 0, 0
180, 0, 12, 270, 249, 105, 6.34%, 0, 0, 2, 37.97, 7246, 1956, 0, 0
185, 0, 12, 270, 249, 105, 6.34%, 0, 0, 2, 38.10, 7439, 1956, 0, 0
190, 0, 12, 274, 253, 105, 6.37%, 0, 0, 2, 36.68, 7623, 1967, 0, 0
196, 0, 12, 281, 260, 105, 6.39%, 0, 0, 2, 37.08, 7813, 1972, 0, 0
201, 0, 12, 281, 260, 105, 6.39%, 0, 0, 2, 36.14, 7991, 1972, 0, 0
206, 0, 12, 283, 262, 105, 6.39%, 0, 0, 2, 36.39, 8174, 1972, 0, 0
211, 0, 12, 285, 264, 105, 6.40%, 0, 0, 2, 36.58, 8360, 1975, 0, 0
216, 0, 12, 286, 265, 105, 6.40%, 0, 0, 2, 36.80, 8546, 1975, 0, 0
221, 0, 12, 287, 266, 105, 6.41%, 0, 0, 2, 34.96, 8715, 1979, 0, 0
226, 0, 12, 287, 266, 105, 6.41%, 0, 0, 2, 36.89, 8904, 1979, 0, 0
231, 0, 12, 289, 268, 105, 6.42%, 0, 0, 2, 36.19, 9085, 1981, 0, 0
236, 0, 12, 290, 269, 105, 6.42%, 0, 0, 2, 37.09, 9273, 1982, 0, 0
241, 0, 12, 292, 271, 105, 6.43%, 0, 0, 2, 36.92, 9458, 1985, 0, 0
246, 0, 12, 295, 274, 105, 6.46%, 0, 0, 2, 34.70, 9627, 1994, 0, 0
252, 0, 12, 298, 277, 105, 6.48%, 0, 0, 2, 36.40, 9816, 2000, 0, 0
257, 0, 12, 299, 278, 105, 6.49%, 0, 0, 2, 36.53, 9995, 2004, 0, 0
262, 0, 12, 301, 280, 105, 6.50%, 0, 0, 2, 37.20, 10190, 2005, 0, 0
267, 0, 12, 303, 282, 105, 6.54%, 0, 0, 2, 37.26, 10384, 2017, 0, 0
272, 0, 12, 303, 282, 105, 6.54%, 0, 0, 2, 36.50, 10570, 2017, 0, 0
277, 0, 12, 303, 282, 105, 6.54%, 0, 0, 2, 36.91, 10759, 2017, 0, 0
282, 0, 12, 305, 284, 105, 6.54%, 0, 0, 2, 37.02, 10939, 2017, 0, 0
287, 0, 12, 307, 286, 105, 6.54%, 0, 0, 2, 38.12, 11131, 2017, 0, 0
293, 0, 12, 307, 286, 105, 6.54%, 0, 0, 2, 35.83, 11315, 2017, 0, 0
298, 0, 12, 311, 290, 105, 6.54%, 0, 0, 2, 37.01, 11504, 2018, 0, 0
303, 0, 12, 314, 293, 105, 6.55%, 0, 0, 2, 35.74, 11684, 2020, 0, 0
308, 0, 12, 314, 293, 105, 6.55%, 0, 0, 2, 37.35, 11879, 2020, 0, 0
313, 0, 12, 315, 294, 105, 6.55%, 0, 0, 2, 37.22, 12073, 2022, 0, 0
318, 0, 12, 317, 296, 105, 6.56%, 0, 0, 2, 36.41, 12257, 2024, 0, 0
324, 0, 12, 320, 299, 105, 6.58%, 0, 0, 2, 37.03, 12455, 2031, 0, 0
329, 0, 12, 322, 301, 105, 6.59%, 0, 0, 2, 37.63, 12648, 2033, 0, 0
334, 0, 12, 322, 301, 105, 6.59%, 0, 0, 2, 37.92, 12840, 2033, 0, 0
339, 0, 12, 324, 303, 105, 6.59%, 0, 0, 2, 37.95, 13030, 2035, 0, 0
344, 0, 12, 324, 303, 105, 6.59%, 0, 0, 2, 38.06, 13226, 2035, 0, 0
349, 0, 12, 325, 304, 105, 6.59%, 0, 0, 2, 36.30, 13416, 2035, 0, 0
354, 0, 12, 326, 305, 105, 6.60%, 0, 0, 2, 36.03, 13591, 2037, 0, 0
360, 0, 12, 326, 305, 105, 6.60%, 0, 0, 2, 36.38, 13775, 2037, 0, 0
365, 0, 12, 327, 306, 105, 6.60%, 0, 0, 2, 37.32, 13968, 2038, 0, 0
370, 0, 12, 327, 306, 105, 6.60%, 0, 0, 2, 37.60, 14155, 2038, 0, 0
375, 0, 12, 328, 307, 105, 6.61%, 0, 0, 2, 38.08, 14348, 2039, 0, 0
380, 0, 12, 328, 307, 105, 6.61%, 0, 0, 2, 36.90, 14540, 2039, 0, 0
385, 0, 12, 329, 308, 105, 6.61%, 0, 0, 2, 36.52, 14718, 2040, 0, 0
390, 0, 12, 329, 308, 105, 6.61%, 0, 0, 2, 35.81, 14897, 2040, 0, 0
395, 0, 12, 330, 309, 105, 6.61%, 0, 0, 2, 36.10, 15077, 2040, 0, 0
401, 0, 12, 332, 311, 105, 6.62%, 0, 0, 2, 37.10, 15268, 2042, 0, 0
406, 0, 12, 333, 312, 105, 6.62%, 0, 0, 2, 37.01, 15461, 2042, 0, 0
411, 0, 12, 334, 313, 105, 6.62%, 0, 0, 2, 37.09, 15649, 2042, 0, 0
416, 0, 12, 334, 313, 105, 6.62%, 0, 0, 2, 35.63, 15830, 2042, 0, 0
421, 0, 12, 335, 314, 105, 6.62%, 0, 0, 2, 37.46, 16022, 2043, 0, 0
426, 0, 12, 336, 315, 105, 6.62%, 0, 0, 2, 36.94, 16207, 2043, 0, 0
431, 0, 12, 337, 316, 105, 6.62%, 0, 0, 2, 36.99, 16394, 2043, 0, 0
436, 0, 12, 337, 316, 105, 6.62%, 0, 0, 2, 37.82, 16586, 2043, 0, 0
441, 0, 12, 337, 316, 105, 6.62%, 0, 0, 2, 35.68, 16762, 2043, 0, 0
446, 0, 12, 338, 317, 105, 6.62%, 0, 0, 2, 36.76, 16945, 2044, 0, 0
452, 0, 12, 338, 317, 105, 6.62%, 0, 0, 2, 36.74, 17136, 2044, 0, 0
457, 0, 12, 338, 317, 105, 6.62%, 0, 0, 2, 36.41, 17319, 2044, 0, 0
462, 0, 12, 338, 317, 105, 6.62%, 0, 0, 2, 36.29, 17505, 2044, 0, 0
467, 0, 12, 339, 318, 105, 6.62%, 0, 0, 2, 35.89, 17689, 2044, 0, 0
472, 0, 12, 339, 318, 105, 6.62%, 0, 0, 2, 36.66, 17873, 2044, 0, 0
477, 0, 12, 339, 318, 105, 6.62%, 0, 0, 2, 37.29, 18066, 2044, 0, 0
482, 0, 12, 340, 319, 105, 6.63%, 0, 0, 2, 37.61, 18262, 2047, 0, 0
487, 0, 14, 345, 323, 201, 6.65%, 0, 0, 2, 35.21, 18426, 2051, 0, 0
492, 0, 14, 348, 326, 201, 6.66%, 0, 0, 2, 37.73, 18619, 2054, 0, 0
498, 0, 14, 351, 329, 201, 6.67%, 0, 0, 2, 39.28, 18824, 2057, 0, 0
503, 0, 15, 355, 332, 209, 6.68%, 0, 0, 2, 36.94, 19015, 2062, 0, 0
508, 0, 15, 358, 335, 209, 6.69%, 0, 0, 2, 37.70, 19193, 2064, 0, 0
513, 0, 16, 359, 335, 214, 6.69%, 0, 0, 2, 37.07, 19383, 2065, 0, 0
519, 0, 17, 362, 337, 214, 6.72%, 0, 0, 2, 34.78, 19562, 2074, 0, 0
524, 0, 19, 362, 335, 215, 6.72%, 0, 0, 2, 35.39, 19770, 2074, 0, 0
529, 0, 20, 362, 334, 214, 6.72%, 0, 0, 2, 6.43, 19942, 2074, 0, 0
536, 0, 22, 364, 334, 214, 6.73%, 0, 0, 2, 37.06, 20182, 2078, 0, 0
541, 0, 23, 364, 333, 213, 6.73%, 0, 0, 2, 34.98, 20352, 2078, 0, 0
547, 0, 25, 364, 331, 211, 6.73%, 0, 0, 2, 35.24, 20564, 2078, 0, 0
552, 0, 26, 364, 330, 210, 6.73%, 0, 0, 2, 34.60, 20741, 2078, 0, 0
558, 0, 28, 364, 328, 208, 6.73%, 0, 0, 2, 34.46, 20943, 2078, 0, 0
563, 0, 29, 368, 331, 207, 6.75%, 0, 0, 2, 35.44, 21125, 2083, 0, 0
568, 0, 29, 372, 335, 207, 6.76%, 0, 0, 2, 35.22, 21299, 2087, 0, 0
574, 0, 29, 374, 337, 207, 6.77%, 0, 0, 2, 33.33, 21475, 2088, 0, 0
579, 0, 29, 374, 337, 207, 6.77%, 0, 0, 2, 35.12, 21656, 2088, 0, 0
584, 0, 29, 374, 337, 207, 6.77%, 0, 0, 2, 35.37, 21836, 2088, 0, 0
589, 0, 29, 374, 337, 207, 6.77%, 0, 0, 2, 38.22, 22036, 2088, 0, 0
594, 0, 29, 374, 337, 207, 6.77%, 0, 0, 2, 39.13, 22240, 2088, 0, 0
599, 0, 30, 374, 336, 212, 6.77%, 0, 0, 2, 35.88, 22425, 2088, 0, 0
605, 0, 31, 379, 340, 211, 6.80%, 0, 0, 2, 35.03, 22604, 2097, 0, 0
605, 0, 32, 379, 339, 210, 6.80%, 0, 0, 2, 34.65, 22629, 2097, 0, 0
605, 0, 32, 379, 339, 210, 6.80%, 0, 0, 2, 0.00, 22629, 2097, 0, 0
605, 0, 32, 379, 339, 210, 6.80%, 0, 0, 2, 0.00, 22629, 2097, 0, 0
605, 0, 32, 379, 339, 210, 6.80%, 0, 0, 2, 0.00, 22629, 2097, 0, 0
698, 0, 36, 593, 553, 210, 7.73%, 0, 0, 2, 34.43, 25615, 2385, 0, 0
703, 0, 36, 596, 556, 210, 7.74%, 0, 0, 2, 34.51, 25785, 2387, 0, 0
708, 0, 36, 602, 562, 210, 7.75%, 0, 0, 2, 34.73, 25960, 2390, 0, 0
713, 0, 36, 607, 567, 210, 7.80%, 0, 0, 2, 35.93, 26140, 2407, 0, 0
718, 0, 36, 611, 571, 210, 7.80%, 0, 0, 2, 33.30, 26311, 2408, 0, 0
723, 0, 36, 614, 574, 210, 7.80%, 0, 0, 2, 34.16, 26475, 2408, 0, 0
728, 0, 36, 617, 577, 210, 7.80%, 0, 0, 2, 34.94, 26645, 2408, 0, 0
733, 0, 36, 622, 582, 210, 7.80%, 0, 0, 2, 34.30, 26805, 2408, 0, 0
738, 0, 36, 624, 584, 210, 7.80%, 0, 0, 2, 36.25, 26981, 2408, 0, 0
743, 0, 36, 626, 586, 210, 7.80%, 0, 0, 2, 36.31, 27160, 2408, 0, 0
749, 0, 36, 626, 586, 210, 7.80%, 0, 0, 2, 36.28, 27339, 2408, 0, 0
754, 0, 36, 628, 588, 210, 7.80%, 0, 0, 2, 36.66, 27523, 2408, 0, 0
759, 0, 36, 630, 590, 210, 7.80%, 0, 0, 2, 37.20, 27716, 2408, 0, 0
764, 0, 36, 631, 591, 210, 7.80%, 0, 0, 2, 36.46, 27897, 2408, 0, 0
769, 0, 36, 632, 592, 210, 7.80%, 0, 0, 2, 37.54, 28087, 2408, 0, 0
775, 0, 36, 634, 594, 210, 7.80%, 0, 0, 2, 37.26, 28273, 2408, 0, 0
780, 0, 36, 636, 596, 210, 7.81%, 0, 0, 2, 35.70, 28462, 2409, 0, 0
785, 0, 36, 638, 598, 210, 7.81%, 0, 0, 2, 37.08, 28651, 2409, 0, 0
790, 0, 36, 638, 598, 210, 7.81%, 0, 0, 2, 36.68, 28835, 2409, 0, 0
795, 0, 36, 638, 598, 210, 7.81%, 0, 0, 2, 37.95, 29031, 2409, 0, 0
801, 0, 36, 639, 599, 210, 7.81%, 0, 0, 2, 36.75, 29211, 2409, 0, 0
806, 0, 36, 641, 601, 210, 7.81%, 0, 0, 2, 37.20, 29400, 2410, 0, 0
811, 0, 36, 641, 601, 210, 7.81%, 0, 0, 2, 36.74, 29590, 2410, 0, 0
816, 0, 36, 643, 603, 210, 7.81%, 0, 0, 2, 35.89, 29766, 2411, 0, 0
821, 0, 36, 645, 605, 210, 7.81%, 0, 0, 2, 36.61, 29942, 2411, 0, 0
826, 0, 36, 645, 605, 210, 7.81%, 0, 0, 2, 37.12, 30132, 2411, 0, 0
831, 0, 36, 646, 606, 210, 7.81%, 0, 0, 2, 37.37, 30319, 2411, 0, 0
836, 0, 36, 646, 606, 210, 7.81%, 0, 0, 2, 35.43, 30495, 2411, 0, 0
842, 0, 36, 647, 607, 210, 7.81%, 0, 0, 2, 36.48, 30697, 2411, 0, 0
847, 0, 36, 647, 607, 210, 7.81%, 0, 0, 2, 36.74, 30880, 2411, 0, 0
852, 0, 36, 647, 607, 210, 7.81%, 0, 0, 2, 36.87, 31067, 2411, 0, 0
857, 0, 36, 647, 607, 210, 7.81%, 0, 0, 2, 37.18, 31255, 2411, 0, 0
862, 0, 36, 651, 611, 210, 7.83%, 0, 0, 2, 36.89, 31452, 2416, 0, 0
868, 0, 36, 652, 612, 210, 7.83%, 0, 0, 2, 36.68, 31641, 2416, 0, 0
873, 0, 36, 652, 612, 210, 7.83%, 0, 0, 2, 37.38, 31836, 2416, 0, 0
878, 0, 36, 653, 613, 210, 7.83%, 0, 0, 2, 35.85, 32013, 2417, 0, 0
883, 0, 36, 654, 614, 210, 7.84%, 0, 0, 2, 37.40, 32206, 2418, 0, 0
888, 0, 36, 655, 615, 210, 7.84%, 0, 0, 2, 36.93, 32387, 2418, 0, 0
893, 0, 36, 657, 617, 210, 7.84%, 0, 0, 2, 35.97, 32573, 2419, 0, 0
898, 0, 36, 658, 618, 210, 7.84%, 0, 0, 2, 36.46, 32757, 2419, 0, 0
903, 0, 36, 658, 618, 210, 7.84%, 0, 0, 2, 37.17, 32949, 2419, 0, 0
908, 0, 36, 660, 620, 210, 7.84%, 0, 0, 2, 37.23, 33128, 2420, 0, 0
914, 0, 36, 660, 620, 210, 7.84%, 0, 0, 2, 36.89, 33314, 2420, 0, 0
919, 0, 36, 660, 620, 210, 7.84%, 0, 0, 2, 37.55, 33508, 2420, 0, 0
924, 0, 36, 661, 621, 210, 7.84%, 0, 0, 2, 37.14, 33695, 2420, 0, 0
929, 0, 36, 662, 622, 210, 7.84%, 0, 0, 2, 35.66, 33871, 2420, 0, 0
934, 0, 36, 662, 622, 210, 7.84%, 0, 0, 2, 37.43, 34064, 2420, 0, 0
939, 0, 36, 663, 623, 210, 7.84%, 0, 0, 2, 37.64, 34262, 2420, 0, 0
945, 0, 36, 664, 624, 210, 7.84%, 0, 0, 2, 37.07, 34454, 2420, 0, 0
950, 0, 36, 666, 626, 210, 7.84%, 0, 0, 2, 36.18, 34625, 2420, 0, 0
955, 0, 36, 667, 627, 210, 7.84%, 0, 0, 2, 35.72, 34808, 2420, 0, 0
960, 0, 36, 668, 628, 210, 7.84%, 0, 0, 2, 35.96, 34985, 2420, 0, 0
965, 0, 36, 669, 629, 210, 7.84%, 0, 0, 2, 37.21, 35171, 2420, 0, 0
970, 0, 36, 670, 630, 210, 7.84%, 0, 0, 2, 36.81, 35356, 2420, 0, 0
975, 0, 36, 670, 630, 210, 7.84%, 0, 0, 2, 37.69, 35549, 2420, 0, 0
980, 0, 36, 671, 631, 210, 7.84%, 0, 0, 2, 37.72, 35740, 2420, 0, 0
985, 0, 36, 671, 631, 210, 7.84%, 0, 0, 2, 37.51, 35929, 2420, 0, 0
990, 0, 36, 672, 632, 210, 7.86%, 0, 0, 2, 35.95, 36106, 2425, 0, 0
995, 0, 36, 672, 632, 210, 7.86%, 0, 0, 2, 36.87, 36297, 2425, 0, 0
1000, 0, 36, 672, 632, 210, 7.86%, 0, 0, 2, 37.43, 36489, 2425, 0, 0
1005, 0, 36, 673, 633, 210, 7.86%, 0, 0, 2, 37.31, 36675, 2425, 0, 0
1011, 0, 36, 674, 634, 210, 7.86%, 0, 0, 2, 37.18, 36867, 2425, 0, 0
1011, 0, 37, 674, 634, 210, 7.86%, 0, 0, 2, 35.66, 36897, 2425, 0, 0
1011, 0, 37, 674, 634, 210, 7.86%, 0, 0, 2, 0.00, 36897, 2425, 0, 0
1011, 0, 37, 674, 634, 210, 7.86%, 0, 0, 2, 0.00, 36897, 2425, 0, 0
1011, 0, 37, 674, 634, 210, 7.86%, 0, 0, 2, 0.00, 36897, 2425, 0, 0
