# relative_time, cycles_done, cur_item, corpus_count, pending_total, pending_favs, map_size, saved_crashes, saved_hangs, max_depth, execs_per_sec, total_execs, edges_found, total_crashes, servers_count
62, 0, 3, 292, 230, 43, 22.17%, 0, 0, 2, 19.50, 3255, 669, 0, 0
67, 0, 3, 295, 233, 43, 22.27%, 0, 0, 2, 21.08, 3369, 672, 0, 0
72, 0, 3, 301, 239, 43, 22.37%, 0, 0, 2, 20.44, 3471, 675, 0, 0
77, 0, 3, 304, 242, 43, 22.37%, 0, 0, 2, 20.27, 3574, 675, 0, 0
83, 0, 3, 308, 246, 43, 22.47%, 0, 0, 2, 20.35, 3674, 678, 0, 0
88, 0, 3, 309, 247, 43, 22.47%, 0, 0, 2, 21.03, 3780, 678, 0, 0
93, 0, 3, 311, 249, 43, 22.47%, 0, 0, 2, 20.10, 3882, 678, 0, 0
99, 0, 3, 316, 254, 43, 22.54%, 0, 0, 2, 20.14, 3987, 680, 0, 0
104, 0, 3, 317, 255, 43, 22.54%, 0, 0, 2, 19.34, 4087, 680, 0, 0
109, 0, 3, 321, 259, 43, 22.57%, 0, 0, 2, 19.44, 4186, 681, 0, 0
114, 0, 3, 323, 261, 43, 22.57%, 0, 0, 2, 18.06, 4280, 681, 0, 0
119, 0, 3, 325, 263, 43, 22.57%, 0, 0, 2, 19.37, 4377, 681, 0, 0
125, 0, 3, 328, 266, 43, 22.57%, 0, 0, 2, 19.37, 4476, 681, 0, 0
130, 0, 3, 331, 269, 43, 22.64%, 0, 0, 2, 19.61, 4576, 683, 0, 0
135, 0, 3, 335, 273, 43, 22.67%, 0, 0, 2, 20.05, 4679, 684, 0, 0
140, 0, 3, 338, 276, 43, 22.74%, 0, 0, 2, 20.74, 4794, 686, 0, 0
145, 0, 3, 338, 276, 43, 22.74%, 0, 0, 2, 19.19, 4889, 686, 0, 0
151, 0, 3, 340, 278, 43, 22.74%, 0, 0, 2, 18.85, 4988, 686, 0, 0
156, 0, 3, 340, 278, 43, 22.74%, 0, 0, 2, 21.33, 5097, 686, 0, 0
161, 0, 3, 342, 280, 43, 22.74%, 0, 0, 2, 20.39, 5198, 686, 0, 0
167, 0, 3, 343, 281, 43, 22.74%, 0, 0, 2, 20.30, 5307, 686, 0, 0
173, 0, 3, 346, 284, 43, 22.84%, 0, 0, 2, 20.66, 5426, 689, 0, 0
178, 0, 3, 348, 286, 43, 22.87%, 0, 0, 2, 21.71, 5538, 690, 0, 0
183, 0, 3, 349, 287, 43, 22.87%, 0, 0, 2, 21.77, 5652, 690, 0, 0
188, 0, 3, 351, 289, 43, 22.90%, 0, 0, 2, 20.08, 5750, 691, 0, 0
193, 0, 3, 352, 290, 43, 22.90%, 0, 0, 2, 19.27, 5840, 691, 0, 0
198, 0, 3, 353, 291, 43, 22.90%, 0, 0, 2, 19.34, 5939, 691, 0, 0
203, 0, 6, 354, 291, 80, 22.90%, 0, 0, 2, 22.36, 6051, 691, 0, 0
209, 0, 123, 356, 292, 79, 22.97%, 0, 0, 2, 31.09, 6207, 693, 0, 0
214, 0, 123, 357, 293, 79, 23.00%, 0, 0, 2, 38.74, 6417, 694, 0, 0
219, 0, 123, 358, 294, 79, 23.00%, 0, 0, 2, 39.88, 6625, 694, 0, 0
224, 0, 123, 359, 295, 79, 23.04%, 0, 0, 2, 59.53, 6930, 695, 0, 0
229, 0, 123, 362, 298, 79, 23.10%, 0, 0, 2, 35.03, 7058, 697, 0, 0
235, 0, 123, 367, 303, 79, 23.27%, 0, 0, 2, 28.52, 7196, 702, 0, 0
240, 0, 123, 369, 305, 79, 23.30%, 0, 0, 2, 26.73, 7327, 703, 0, 0
245, 0, 123, 370, 306, 79, 23.30%, 0, 0, 2, 26.19, 7461, 703, 0, 0
250, 0, 123, 371, 307, 79, 23.30%, 0, 0, 2, 25.90, 7597, 703, 0, 0
256, 0, 123, 372, 308, 79, 23.30%, 0, 0, 2, 25.68, 7726, 703, 0, 0
261, 0, 123, 373, 309, 79, 23.37%, 0, 0, 2, 25.61, 7854, 705, 0, 0
266, 0, 123, 374, 310, 79, 23.40%, 0, 0, 2, 26.62, 7990, 706, 0, 0
271, 0, 123, 375, 311, 79, 23.40%, 0, 0, 2, 28.28, 8139, 706, 0, 0
276, 0, 123, 376, 312, 79, 23.40%, 0, 0, 2, 27.73, 8277, 706, 0, 0
281, 0, 123, 377, 313, 79, 23.40%, 0, 0, 2, 27.20, 8412, 706, 0, 0
286, 0, 123, 377, 313, 79, 23.40%, 0, 0, 2, 25.81, 8545, 706, 0, 0
291, 0, 123, 379, 315, 79, 23.43%, 0, 0, 2, 26.70, 8682, 707, 0, 0
296, 0, 123, 379, 315, 79, 23.43%, 0, 0, 2, 28.27, 8825, 707, 0, 0
302, 0, 123, 381, 317, 79, 23.43%, 0, 0, 2, 26.56, 8955, 707, 0, 0
307, 0, 123, 382, 318, 79, 23.43%, 0, 0, 2, 26.16, 9090, 707, 0, 0
312, 0, 123, 382, 318, 79, 23.43%, 0, 0, 2, 27.05, 9225, 707, 0, 0
317, 0, 123, 382, 318, 79, 23.43%, 0, 0, 2, 28.96, 9373, 707, 0, 0
322, 0, 123, 384, 320, 79, 23.43%, 0, 0, 2, 27.77, 9504, 707, 0, 0
328, 0, 123, 384, 320, 79, 23.43%, 0, 0, 2, 27.81, 9647, 707, 0, 0
333, 0, 123, 386, 322, 79, 23.47%, 0, 0, 2, 26.16, 9778, 708, 0, 0
338, 0, 123, 386, 322, 79, 23.47%, 0, 0, 2, 26.15, 9909, 708, 0, 0
343, 0, 123, 387, 323, 79, 23.50%, 0, 0, 2, 28.48, 10061, 709, 0, 0
348, 0, 123, 390, 326, 79, 23.57%, 0, 0, 2, 25.62, 10182, 711, 0, 0
353, 0, 123, 391, 327, 79, 23.57%, 0, 0, 2, 28.22, 10325, 711, 0, 0
358, 0, 123, 393, 329, 79, 23.57%, 0, 0, 2, 27.80, 10452, 711, 0, 0
363, 0, 123, 394, 330, 79, 23.57%, 0, 0, 2, 26.66, 10590, 711, 0, 0
368, 0, 123, 394, 330, 79, 23.57%, 0, 0, 2, 27.22, 10729, 711, 0, 0
374, 0, 123, 395, 331, 79, 23.60%, 0, 0, 2, 27.22, 10865, 712, 0, 0
379, 0, 123, 396, 332, 79, 23.60%, 0, 0, 2, 27.78, 11003, 712, 0, 0
384, 0, 123, 397, 333, 79, 23.63%, 0, 0, 2, 27.13, 11148, 713, 0, 0
389, 0, 123, 397, 333, 79, 23.63%, 0, 0, 2, 29.03, 11293, 713, 0, 0
394, 0, 123, 397, 333, 79, 23.63%, 0, 0, 2, 27.85, 11432, 713, 0, 0
399, 0, 123, 399, 335, 79, 23.67%, 0, 0, 2, 26.39, 11561, 714, 0, 0
404, 0, 123, 399, 335, 79, 23.67%, 0, 0, 2, 25.93, 11699, 714, 0, 0
410, 0, 123, 399, 335, 79, 23.67%, 0, 0, 2, 25.41, 11827, 714, 0, 0
415, 0, 123, 399, 335, 79, 23.67%, 0, 0, 2, 26.82, 11968, 714, 0, 0
420, 0, 123, 399, 335, 79, 23.67%, 0, 0, 2, 26.96, 12106, 714, 0, 0
425, 0, 123, 401, 337, 79, 23.73%, 0, 0, 2, 28.61, 12249, 716, 0, 0
430, 0, 123, 402, 338, 79, 23.73%, 0, 0, 2, 26.21, 12385, 716, 0, 0
435, 0, 123, 402, 338, 79, 23.73%, 0, 0, 2, 27.14, 12527, 716, 0, 0
440, 0, 123, 402, 338, 79, 23.73%, 0, 0, 2, 26.63, 12660, 716, 0, 0
445, 0, 123, 402, 338, 79, 23.73%, 0, 0, 2, 25.96, 12794, 716, 0, 0
451, 0, 123, 402, 338, 79, 23.73%, 0, 0, 2, 27.94, 12936, 716, 0, 0
456, 0, 123, 402, 338, 79, 23.73%, 0, 0, 2, 28.60, 13083, 716, 0, 0
461, 0, 123, 402, 338, 79, 23.73%, 0, 0, 2, 27.60, 13218, 716, 0, 0
466, 0, 123, 402, 338, 79, 23.73%, 0, 0, 2, 27.91, 13361, 716, 0, 0
471, 0, 123, 402, 338, 79, 23.73%, 0, 0, 2, 26.03, 13489, 716, 0, 0
476, 0, 123, 402, 338, 79, 23.73%, 0, 0, 2, 25.99, 13623, 716, 0, 0
481, 0, 123, 403, 339, 79, 23.73%, 0, 0, 2, 25.29, 13743, 716, 0, 0
486, 0, 123, 403, 339, 79, 23.73%, 0, 0, 2, 26.04, 13874, 716, 0, 0
492, 0, 123, 403, 339, 79, 23.73%, 0, 0, 2, 25.87, 14009, 716, 0, 0
497, 0, 123, 407, 343, 79, 23.83%, 0, 0, 2, 27.28, 14160, 719, 0, 0
502, 0, 123, 408, 344, 79, 23.83%, 0, 0, 2, 26.27, 14282, 719, 0, 0
507, 0, 123, 409, 345, 79, 23.83%, 0, 0, 2, 27.07, 14420, 719, 0, 0
513, 0, 123, 409, 345, 79, 23.83%, 0, 0, 2, 27.18, 14563, 719, 0, 0
518, 0, 123, 409, 345, 79, 23.83%, 0, 0, 2, 25.28, 14694, 719, 0, 0
520, 0, 123, 409, 345, 79, 23.83%, 0, 0, 2, 26.11, 14754, 719, 0, 0
