# relative_time, cycles_done, cur_item, corpus_count, pending_total, pending_favs, map_size, saved_crashes, saved_hangs, max_depth, execs_per_sec, total_execs, edges_found, total_crashes, servers_count
60, 0, 11, 287, 234, 35, 38.35%, 0, 0, 2, 3.50, 2950, 209, 0, 0
65, 0, 11, 287, 234, 35, 38.35%, 0, 0, 2, 3.85, 2971, 209, 0, 0
70, 0, 11, 287, 234, 35, 38.35%, 0, 0, 2, 3.49, 2986, 209, 0, 0
75, 0, 11, 287, 234, 35, 38.35%, 0, 0, 2, 3.41, 3004, 209, 0, 0
80, 0, 11, 287, 234, 35, 38.35%, 0, 0, 2, 3.28, 3020, 209, 0, 0
85, 0, 11, 287, 234, 35, 38.35%, 0, 0, 2, 3.64, 3062, 209, 0, 0
90, 0, 11, 287, 234, 35, 38.35%, 0, 0, 2, 3.05, 3173, 209, 0, 0
97, 0, 11, 293, 240, 35, 38.35%, 0, 0, 2, 26.53, 3640, 209, 0, 0
105, 0, 11, 295, 242, 35, 38.72%, 0, 0, 2, 4.80, 3669, 211, 0, 0
110, 0, 11, 296, 243, 35, 38.90%, 0, 0, 2, 5.99, 3702, 212, 0, 0
118, 0, 11, 299, 246, 35, 39.27%, 0, 0, 2, 8.94, 3763, 214, 0, 0
126, 0, 11, 300, 247, 35, 39.45%, 0, 0, 2, 8.57, 3791, 215, 0, 0
131, 0, 11, 301, 248, 35, 39.45%, 0, 0, 2, 2.47, 3841, 215, 0, 0
136, 0, 11, 302, 249, 35, 39.45%, 0, 0, 2, 2.05, 3861, 215, 0, 0
141, 0, 11, 303, 250, 35, 39.45%, 0, 0, 2, 11.17, 3893, 215, 0, 0
148, 0, 11, 304, 251, 35, 39.45%, 0, 0, 2, 2.42, 3930, 215, 0, 0
153, 0, 11, 304, 251, 35, 39.45%, 0, 0, 2, 13.70, 3972, 215, 0, 0
158, 0, 11, 304, 251, 35, 39.45%, 0, 0, 2, 16.94, 4030, 215, 0, 0
167, 0, 11, 305, 252, 35, 39.63%, 0, 0, 2, 1.99, 4068, 216, 0, 0
172, 0, 11, 305, 252, 35, 39.63%, 0, 0, 2, 14.64, 4101, 216, 0, 0
177, 0, 11, 307, 254, 35, 40.00%, 0, 0, 2, 1.99, 4150, 218, 0, 0
182, 0, 11, 307, 254, 35, 40.00%, 0, 0, 2, 1.99, 4189, 218, 0, 0
187, 0, 11, 308, 255, 35, 40.00%, 0, 0, 2, 4.92, 4250, 218, 0, 0
192, 0, 11, 309, 256, 35, 40.18%, 0, 0, 2, 5.31, 4272, 219, 0, 0
197, 0, 11, 309, 256, 35, 40.18%, 0, 0, 2, 6.87, 4315, 219, 0, 0
202, 0, 11, 309, 256, 35, 40.18%, 0, 0, 2, 7.35, 4354, 219, 0, 0
209, 0, 11, 310, 257, 35, 40.18%, 0, 0, 2, 7.37, 4386, 219, 0, 0
214, 0, 11, 310, 257, 35, 40.18%, 0, 0, 2, 8.41, 4434, 219, 0, 0
219, 0, 11, 310, 257, 35, 40.18%, 0, 0, 2, 9.03, 4488, 219, 0, 0
224, 0, 11, 311, 258, 35, 40.37%, 0, 0, 2, 3.98, 4566, 220, 0, 0
229, 0, 11, 311, 258, 35, 40.37%, 0, 0, 2, 25.19, 4606, 220, 0, 0
234, 0, 11, 311, 258, 35, 40.37%, 0, 0, 2, 6.08, 4649, 220, 0, 0
239, 0, 11, 311, 258, 35, 40.37%, 0, 0, 2, 7.71, 4697, 220, 0, 0
244, 0, 11, 311, 258, 35, 40.37%, 0, 0, 2, 7.82, 4741, 220, 0, 0
249, 0, 11, 311, 258, 35, 40.37%, 0, 0, 2, 6.06, 4813, 220, 0, 0
254, 0, 11, 311, 258, 35, 40.37%, 0, 0, 2, 8.53, 4868, 220, 0, 0
261, 0, 11, 312, 259, 35, 40.37%, 0, 0, 2, 8.49, 4914, 220, 0, 0
266, 0, 11, 312, 259, 35, 40.37%, 0, 0, 2, 8.04, 4954, 220, 0, 0
271, 0, 11, 313, 260, 35, 40.55%, 0, 0, 2, 7.28, 4971, 221, 0, 0
276, 0, 11, 313, 260, 35, 40.55%, 0, 0, 2, 8.07, 5016, 221, 0, 0
282, 0, 11, 314, 261, 35, 40.55%, 0, 0, 2, 7.61, 5049, 221, 0, 0
287, 0, 11, 314, 261, 35, 40.55%, 0, 0, 2, 7.79, 5092, 221, 0, 0
292, 0, 11, 314, 261, 35, 40.55%, 0, 0, 2, 6.99, 5123, 221, 0, 0
297, 0, 11, 315, 262, 35, 40.73%, 0, 0, 2, 7.03, 5144, 222, 0, 0
302, 0, 11, 315, 262, 35, 40.73%, 0, 0, 2, 7.29, 5182, 222, 0, 0
307, 0, 11, 315, 262, 35, 40.73%, 0, 0, 2, 10.26, 5248, 222, 0, 0
314, 0, 11, 316, 263, 35, 40.92%, 0, 0, 2, 2.53, 5301, 223, 0, 0
319, 0, 11, 316, 263, 35, 40.92%, 0, 0, 2, 20.82, 5360, 223, 0, 0
325, 0, 11, 316, 263, 35, 40.92%, 0, 0, 2, 6.11, 5414, 223, 0, 0
330, 0, 11, 316, 263, 35, 40.92%, 0, 0, 2, 14.95, 5470, 223, 0, 0
335, 0, 11, 316, 263, 35, 40.92%, 0, 0, 2, 11.73, 5513, 223, 0, 0
340, 0, 11, 316, 263, 35, 40.92%, 0, 0, 2, 19.53, 5557, 223, 0, 0
345, 0, 11, 316, 263, 35, 40.92%, 0, 0, 2, 1.99, 5589, 223, 0, 0
350, 0, 11, 316, 263, 35, 40.92%, 0, 0, 2, 2.71, 5620, 223, 0, 0
355, 0, 11, 316, 263, 35, 40.92%, 0, 0, 2, 6.06, 5667, 223, 0, 0
360, 0, 11, 316, 263, 35, 40.92%, 0, 0, 2, 7.81, 5716, 223, 0, 0
365, 0, 11, 316, 263, 35, 40.92%, 0, 0, 2, 11.72, 5776, 223, 0, 0
370, 0, 11, 317, 264, 35, 40.92%, 0, 0, 2, 14.35, 5846, 223, 0, 0
375, 0, 11, 317, 264, 35, 40.92%, 0, 0, 2, 1.99, 5903, 223, 0, 0
380, 0, 11, 317, 264, 35, 40.92%, 0, 0, 2, 4.71, 5941, 223, 0, 0
385, 0, 11, 317, 264, 35, 40.92%, 0, 0, 2, 7.79, 5997, 223, 0, 0
390, 0, 11, 317, 264, 35, 40.92%, 0, 0, 2, 7.44, 6036, 223, 0, 0
395, 0, 11, 317, 264, 35, 40.92%, 0, 0, 2, 6.80, 6066, 223, 0, 0
401, 0, 11, 317, 264, 35, 40.92%, 0, 0, 2, 12.59, 6140, 223, 0, 0
409, 0, 11, 318, 265, 35, 41.10%, 0, 0, 2, 2.49, 6191, 224, 0, 0
414, 0, 11, 318, 265, 35, 41.10%, 0, 0, 2, 2.58, 6253, 224, 0, 0
419, 0, 11, 318, 265, 35, 41.10%, 0, 0, 2, 5.52, 6294, 224, 0, 0
424, 0, 11, 318, 265, 35, 41.10%, 0, 0, 2, 6.88, 6335, 224, 0, 0
429, 0, 11, 318, 265, 35, 41.10%, 0, 0, 2, 7.08, 6372, 224, 0, 0
435, 0, 11, 319, 266, 35, 41.28%, 0, 0, 2, 8.39, 6430, 225, 0, 0
440, 0, 11, 319, 266, 35, 41.28%, 0, 0, 2, 8.30, 6470, 225, 0, 0
445, 0, 11, 319, 266, 35, 41.28%, 0, 0, 2, 9.85, 6528, 225, 0, 0
450, 0, 11, 319, 266, 35, 41.28%, 0, 0, 2, 12.05, 6598, 225, 0, 0
455, 0, 11, 319, 266, 35, 41.28%, 0, 0, 2, 2.59, 6628, 225, 0, 0
460, 0, 11, 319, 266, 35, 41.28%, 0, 0, 2, 16.33, 6662, 225, 0, 0
465, 0, 11, 319, 266, 35, 41.28%, 0, 0, 2, 2.62, 6713, 225, 0, 0
472, 0, 11, 320, 267, 35, 42.20%, 0, 0, 2, 1.99, 6751, 230, 0, 0
477, 0, 11, 321, 268, 35, 42.20%, 0, 0, 2, 4.19, 6806, 230, 0, 0
482, 0, 11, 321, 268, 35, 42.20%, 0, 0, 2, 4.88, 6836, 230, 0, 0
487, 0, 11, 321, 268, 35, 42.20%, 0, 0, 2, 5.75, 6877, 230, 0, 0
492, 0, 11, 321, 268, 35, 42.20%, 0, 0, 2, 7.32, 6923, 230, 0, 0
497, 0, 11, 321, 268, 35, 42.20%, 0, 0, 2, 8.93, 6975, 230, 0, 0
503, 0, 11, 322, 269, 35, 42.39%, 0, 0, 2, 14.96, 7031, 231, 0, 0
508, 0, 11, 322, 269, 35, 42.39%, 0, 0, 2, 17.00, 7091, 231, 0, 0
513, 0, 11, 322, 269, 35, 42.39%, 0, 0, 2, 4.46, 7125, 231, 0, 0
518, 0, 11, 322, 269, 35, 42.39%, 0, 0, 2, 6.49, 7172, 231, 0, 0
523, 0, 11, 322, 269, 35, 42.39%, 0, 0, 2, 6.64, 7208, 231, 0, 0
528, 0, 11, 322, 269, 35, 42.39%, 0, 0, 2, 7.76, 7252, 231, 0, 0
533, 0, 11, 322, 269, 35, 42.39%, 0, 0, 2, 7.38, 7289, 231, 0, 0
538, 0, 11, 322, 269, 35, 42.39%, 0, 0, 2, 6.90, 7322, 231, 0, 0
543, 0, 11, 322, 269, 35, 42.39%, 0, 0, 2, 7.80, 7365, 231, 0, 0
548, 0, 11, 322, 269, 35, 42.39%, 0, 0, 2, 7.32, 7400, 231, 0, 0
553, 0, 11, 322, 269, 35, 42.39%, 0, 0, 2, 7.99, 7444, 231, 0, 0
558, 0, 11, 322, 269, 35, 42.39%, 0, 0, 2, 7.15, 7475, 231, 0, 0
563, 0, 11, 322, 269, 35, 42.39%, 0, 0, 2, 7.97, 7522, 231, 0, 0
568, 0, 11, 323, 270, 35, 42.39%, 0, 0, 2, 9.04, 7576, 231, 0, 0
573, 0, 11, 323, 270, 35, 42.39%, 0, 0, 2, 8.46, 7615, 231, 0, 0
579, 0, 11, 323, 270, 35, 42.39%, 0, 0, 2, 8.80, 7661, 231, 0, 0
584, 0, 11, 323, 270, 35, 42.39%, 0, 0, 2, 8.58, 7706, 231, 0, 0
589, 0, 11, 323, 270, 35, 42.39%, 0, 0, 2, 7.94, 7742, 231, 0, 0
594, 0, 11, 324, 271, 35, 42.57%, 0, 0, 2, 7.81, 7763, 232, 0, 0
599, 0, 11, 324, 271, 35, 42.57%, 0, 0, 2, 8.21, 7809, 232, 0, 0
604, 0, 11, 324, 271, 35, 42.57%, 0, 0, 2, 8.70, 7853, 232, 0, 0
609, 0, 11, 324, 271, 35, 42.57%, 0, 0, 2, 7.72, 7884, 232, 0, 0
616, 0, 11, 325, 272, 35, 42.57%, 0, 0, 2, 8.93, 7918, 232, 0, 0
621, 0, 11, 325, 272, 35, 42.57%, 0, 0, 2, 7.50, 7947, 232, 0, 0
626, 0, 11, 325, 272, 35, 42.57%, 0, 0, 2, 8.50, 7999, 232, 0, 0
631, 0, 11, 325, 272, 35, 42.57%, 0, 0, 2, 9.08, 8045, 232, 0, 0
636, 0, 11, 325, 272, 35, 42.57%, 0, 0, 2, 8.41, 8085, 232, 0, 0
641, 0, 11, 325, 272, 35, 42.57%, 0, 0, 2, 17.58, 8144, 232, 0, 0
646, 0, 11, 325, 272, 35, 42.57%, 0, 0, 2, 13.92, 8195, 232, 0, 0
651, 0, 11, 325, 272, 35, 42.57%, 0, 0, 2, 1.99, 8261, 232, 0, 0
656, 0, 11, 325, 272, 35, 42.57%, 0, 0, 2, 1.99, 8295, 232, 0, 0
661, 0, 11, 325, 272, 35, 42.57%, 0, 0, 2, 13.96, 8351, 232, 0, 0
667, 0, 11, 326, 273, 35, 42.57%, 0, 0, 2, 2.35, 8364, 232, 0, 0
672, 0, 11, 327, 274, 35, 42.94%, 0, 0, 2, 2.72, 8381, 234, 0, 0
677, 0, 11, 327, 274, 35, 42.94%, 0, 0, 2, 2.36, 8432, 234, 0, 0
682, 0, 11, 327, 274, 35, 42.94%, 0, 0, 2, 3.87, 8459, 234, 0, 0
687, 0, 11, 327, 274, 35, 42.94%, 0, 0, 2, 2.11, 8495, 234, 0, 0
692, 0, 11, 327, 274, 35, 42.94%, 0, 0, 2, 1.99, 8537, 234, 0, 0
697, 0, 11, 327, 274, 35, 42.94%, 0, 0, 2, 4.34, 8588, 234, 0, 0
702, 0, 11, 327, 274, 35, 42.94%, 0, 0, 2, 14.51, 8639, 234, 0, 0
707, 0, 11, 327, 274, 35, 42.94%, 0, 0, 2, 15.72, 8678, 234, 0, 0
712, 0, 11, 327, 274, 35, 42.94%, 0, 0, 2, 25.15, 8716, 234, 0, 0
717, 0, 11, 327, 274, 35, 42.94%, 0, 0, 2, 5.88, 8756, 234, 0, 0
722, 0, 11, 327, 274, 35, 42.94%, 0, 0, 2, 7.12, 8801, 234, 0, 0
727, 0, 11, 327, 274, 35, 42.94%, 0, 0, 2, 8.08, 8852, 234, 0, 0
732, 0, 11, 327, 274, 35, 42.94%, 0, 0, 2, 9.68, 8908, 234, 0, 0
738, 0, 11, 327, 274, 35, 42.94%, 0, 0, 2, 3.04, 8946, 234, 0, 0
743, 0, 11, 327, 274, 35, 42.94%, 0, 0, 2, 15.23, 8990, 234, 0, 0
748, 0, 11, 327, 274, 35, 42.94%, 0, 0, 2, 12.25, 9035, 234, 0, 0
753, 0, 11, 327, 274, 35, 42.94%, 0, 0, 2, 3.86, 9073, 234, 0, 0
758, 0, 11, 327, 274, 35, 42.94%, 0, 0, 2, 6.56, 9124, 234, 0, 0
763, 0, 11, 327, 274, 35, 42.94%, 0, 0, 2, 6.45, 9155, 234, 0, 0
768, 0, 11, 327, 274, 35, 42.94%, 0, 0, 2, 8.48, 9210, 234, 0, 0
773, 0, 11, 328, 275, 35, 42.94%, 0, 0, 2, 8.58, 9255, 234, 0, 0
778, 0, 11, 328, 275, 35, 42.94%, 0, 0, 2, 7.87, 9292, 234, 0, 0
783, 0, 11, 328, 275, 35, 42.94%, 0, 0, 2, 8.82, 9339, 234, 0, 0
788, 0, 11, 328, 275, 35, 42.94%, 0, 0, 2, 8.02, 9373, 234, 0, 0
793, 0, 11, 328, 275, 35, 42.94%, 0, 0, 2, 9.81, 9430, 234, 0, 0
798, 0, 11, 328, 275, 35, 42.94%, 0, 0, 2, 7.72, 9458, 234, 0, 0
803, 0, 11, 328, 275, 35, 42.94%, 0, 0, 2, 8.78, 9507, 234, 0, 0
808, 0, 11, 328, 275, 35, 42.94%, 0, 0, 2, 7.18, 9534, 234, 0, 0
814, 0, 11, 328, 275, 35, 42.94%, 0, 0, 2, 9.29, 9593, 234, 0, 0
819, 0, 11, 328, 275, 35, 42.94%, 0, 0, 2, 8.88, 9636, 234, 0, 0
824, 0, 11, 328, 275, 35, 42.94%, 0, 0, 2, 8.63, 9680, 234, 0, 0
829, 0, 11, 328, 275, 35, 42.94%, 0, 0, 2, 8.42, 9726, 234, 0, 0
834, 0, 11, 328, 275, 35, 42.94%, 0, 0, 2, 8.01, 9765, 234, 0, 0
839, 0, 11, 328, 275, 35, 42.94%, 0, 0, 2, 10.19, 9826, 234, 0, 0
844, 0, 11, 328, 275, 35, 42.94%, 0, 0, 2, 13.12, 9863, 234, 0, 0
849, 0, 11, 328, 275, 35, 42.94%, 0, 0, 2, 12.84, 9931, 234, 0, 0
854, 0, 11, 328, 275, 35, 42.94%, 0, 0, 2, 20.88, 9976, 234, 0, 0
859, 0, 11, 328, 275, 35, 42.94%, 0, 0, 2, 5.47, 10011, 234, 0, 0
864, 0, 11, 328, 275, 35, 42.94%, 0, 0, 2, 7.79, 10062, 234, 0, 0
869, 0, 11, 328, 275, 35, 42.94%, 0, 0, 2, 8.33, 10105, 234, 0, 0
874, 0, 11, 328, 275, 35, 42.94%, 0, 0, 2, 7.87, 10141, 234, 0, 0
879, 0, 11, 328, 275, 35, 42.94%, 0, 0, 2, 9.16, 10196, 234, 0, 0
885, 0, 11, 328, 275, 35, 42.94%, 0, 0, 2, 8.80, 10240, 234, 0, 0
890, 0, 11, 328, 275, 35, 42.94%, 0, 0, 2, 7.80, 10274, 234, 0, 0
895, 0, 11, 328, 275, 35, 42.94%, 0, 0, 2, 8.55, 10324, 234, 0, 0
900, 0, 11, 328, 275, 35, 42.94%, 0, 0, 2, 8.00, 10363, 234, 0, 0
905, 0, 11, 328, 275, 35, 42.94%, 0, 0, 2, 7.99, 10404, 234, 0, 0
910, 0, 11, 328, 275, 35, 42.94%, 0, 0, 2, 8.45, 10448, 234, 0, 0
915, 0, 11, 328, 275, 35, 42.94%, 0, 0, 2, 7.32, 10479, 234, 0, 0
920, 0, 11, 328, 275, 35, 42.94%, 0, 0, 2, 8.38, 10530, 234, 0, 0
925, 0, 11, 328, 275, 35, 42.94%, 0, 0, 2, 7.14, 10560, 234, 0, 0
930, 0, 11, 328, 275, 35, 42.94%, 0, 0, 2, 7.44, 10604, 234, 0, 0
935, 0, 11, 328, 275, 35, 42.94%, 0, 0, 2, 8.41, 10653, 234, 0, 0
940, 0, 11, 328, 275, 35, 42.94%, 0, 0, 2, 8.16, 10694, 234, 0, 0
946, 0, 11, 328, 275, 35, 42.94%, 0, 0, 2, 4.52, 10776, 234, 0, 0
951, 0, 11, 328, 275, 35, 42.94%, 0, 0, 2, 7.92, 10834, 234, 0, 0
956, 0, 11, 328, 275, 35, 42.94%, 0, 0, 2, 8.33, 10880, 234, 0, 0
961, 0, 11, 328, 275, 35, 42.94%, 0, 0, 2, 7.50, 10911, 234, 0, 0
962, 0, 13, 328, 275, 35, 42.94%, 0, 0, 2, 0.00, 10916, 234, 0, 0
962, 0, 13, 328, 275, 35, 42.94%, 0, 0, 2, 0.00, 10916, 234, 0, 0
962, 0, 13, 328, 275, 35, 42.94%, 0, 0, 2, 0.00, 10916, 234, 0, 0
962, 0, 13, 328, 275, 35, 42.94%, 0, 0, 2, 0.00, 10916, 234, 0, 0
1024, 0, 13, 337, 284, 35, 43.85%, 0, 1, 2, 6.75, 12090, 239, 0, 0
1029, 0, 13, 337, 284, 35, 43.85%, 0, 1, 2, 6.98, 12125, 239, 0, 0
1034, 0, 13, 337, 284, 35, 43.85%, 0, 1, 2, 7.82, 12168, 239, 0, 0
1039, 0, 13, 337, 284, 35, 43.85%, 0, 1, 2, 7.91, 12209, 239, 0, 0
1044, 0, 13, 337, 284, 35, 43.85%, 0, 1, 2, 6.88, 12237, 239, 0, 0
1049, 0, 13, 337, 284, 35, 43.85%, 0, 1, 2, 6.43, 12265, 239, 0, 0
1054, 0, 13, 337, 284, 35, 43.85%, 0, 1, 2, 5.91, 12292, 239, 0, 0
1059, 0, 32, 337, 283, 9, 43.85%, 0, 1, 2, 8.44, 12366, 239, 0, 0
1064, 0, 32, 337, 283, 9, 43.85%, 0, 1, 2, 6.90, 12392, 239, 0, 0
1069, 0, 32, 337, 283, 9, 43.85%, 0, 1, 2, 5.84, 12414, 239, 0, 0
1074, 0, 32, 337, 283, 9, 43.85%, 0, 1, 2, 6.73, 12454, 239, 0, 0
1079, 0, 32, 337, 283, 9, 43.85%, 0, 1, 2, 7.66, 12498, 239, 0, 0
1085, 0, 32, 337, 283, 9, 43.85%, 0, 1, 2, 9.31, 12550, 239, 0, 0
1090, 0, 32, 337, 283, 9, 43.85%, 0, 1, 2, 8.94, 12593, 239, 0, 0
1095, 0, 32, 337, 283, 9, 43.85%, 0, 1, 2, 8.25, 12632, 239, 0, 0
1100, 0, 91, 337, 282, 9, 43.85%, 0, 1, 2, 9.21, 12685, 239, 0, 0
1105, 0, 91, 337, 282, 9, 43.85%, 0, 2, 2, 7.09, 12703, 239, 0, 0
1110, 0, 91, 337, 282, 9, 43.85%, 0, 2, 2, 6.42, 12734, 239, 0, 0
1117, 0, 91, 338, 283, 9, 44.04%, 0, 2, 2, 6.24, 12756, 240, 0, 0
1124, 0, 91, 339, 284, 9, 44.22%, 0, 2, 2, 5.87, 12774, 241, 0, 0
1129, 0, 91, 339, 284, 9, 44.22%, 0, 2, 2, 5.93, 12803, 241, 0, 0
1134, 0, 91, 339, 284, 9, 44.22%, 0, 2, 2, 6.41, 12837, 241, 0, 0
1139, 0, 91, 339, 284, 9, 44.22%, 0, 2, 2, 6.47, 12870, 241, 0, 0
1149, 0, 91, 340, 285, 9, 44.40%, 0, 2, 2, 5.81, 12904, 242, 0, 0
1154, 0, 91, 340, 285, 9, 44.40%, 0, 2, 2, 6.45, 12941, 242, 0, 0
1159, 0, 91, 340, 285, 9, 44.40%, 0, 2, 2, 5.70, 12967, 242, 0, 0
1167, 0, 91, 341, 286, 9, 44.59%, 0, 2, 2, 5.90, 12996, 243, 0, 0
1172, 0, 91, 341, 286, 9, 44.59%, 0, 2, 2, 5.77, 13026, 243, 0, 0
1178, 0, 91, 341, 286, 9, 44.59%, 0, 2, 2, 4.60, 13072, 243, 0, 0
1183, 0, 91, 341, 286, 9, 44.59%, 0, 2, 2, 4.07, 13090, 243, 0, 0
1188, 0, 91, 341, 286, 9, 44.59%, 0, 3, 2, 5.12, 13122, 243, 0, 0
1193, 0, 91, 341, 286, 9, 44.59%, 0, 3, 2, 6.16, 13161, 243, 0, 0
1198, 0, 91, 341, 286, 9, 44.59%, 0, 4, 2, 6.00, 13185, 243, 0, 0
1203, 0, 91, 341, 286, 9, 44.59%, 0, 4, 2, 6.76, 13223, 243, 0, 0
1208, 0, 91, 341, 286, 9, 44.59%, 0, 4, 2, 7.23, 13262, 243, 0, 0
1213, 0, 91, 342, 287, 9, 44.77%, 0, 5, 2, 7.57, 13299, 244, 0, 0
1218, 0, 91, 342, 287, 9, 44.77%, 0, 5, 2, 8.31, 13347, 244, 0, 0
1223, 0, 91, 342, 287, 9, 44.77%, 0, 5, 2, 6.90, 13375, 244, 0, 0
1228, 0, 91, 342, 287, 9, 44.77%, 0, 5, 2, 6.93, 13412, 244, 0, 0
1234, 0, 91, 342, 287, 9, 44.77%, 0, 5, 2, 6.76, 13447, 244, 0, 0
1239, 0, 91, 342, 287, 9, 44.77%, 0, 5, 2, 5.42, 13469, 244, 0, 0
1244, 0, 91, 342, 287, 9, 44.77%, 0, 5, 2, 5.05, 13493, 244, 0, 0
1249, 0, 91, 342, 287, 9, 44.77%, 0, 6, 2, 5.80, 13524, 244, 0, 0
1254, 0, 91, 342, 287, 9, 44.77%, 0, 6, 2, 5.44, 13550, 244, 0, 0
1259, 0, 91, 342, 287, 9, 44.77%, 0, 6, 2, 5.31, 13575, 244, 0, 0
1261, 0, 92, 342, 287, 9, 44.77%, 0, 6, 2, 5.99, 13593, 244, 0, 0
1261, 0, 92, 342, 287, 9, 44.77%, 0, 6, 2, 0.00, 13593, 244, 0, 0
1261, 0, 92, 342, 287, 9, 44.77%, 0, 6, 2, 0.00, 13593, 244, 0, 0
1261, 0, 92, 342, 287, 9, 44.77%, 0, 6, 2, 0.00, 13593, 244, 0, 0
