# relative_time, cycles_done, cur_item, corpus_count, pending_total, pending_favs, map_size, saved_crashes, saved_hangs, max_depth, execs_per_sec, total_execs, edges_found, total_crashes, servers_count
63, 0, 8, 310, 254, 49, 57.39%, 0, 2, 2, 82.52, 4369, 749, 0, 0
74, 0, 8, 316, 260, 49, 57.62%, 0, 2, 2, 30.04, 4668, 752, 0, 0
84, 0, 8, 320, 264, 49, 57.85%, 0, 2, 2, 3.89, 4968, 755, 0, 0
89, 0, 8, 323, 267, 49, 57.85%, 0, 2, 2, 19.97, 5336, 755, 0, 0
95, 0, 8, 326, 270, 49, 57.85%, 0, 2, 2, 39.00, 5686, 755, 0, 0
100, 0, 8, 328, 272, 49, 57.85%, 0, 2, 2, 43.76, 5985, 755, 0, 0
105, 0, 8, 331, 275, 49, 57.85%, 0, 2, 2, 7.89, 6152, 755, 0, 0
110, 0, 8, 331, 275, 49, 57.85%, 0, 2, 2, 57.54, 6482, 755, 0, 0
115, 0, 8, 337, 281, 49, 58.39%, 0, 2, 2, 154.53, 6931, 762, 0, 0
120, 0, 8, 338, 282, 49, 58.39%, 0, 3, 2, 58.22, 7158, 762, 0, 0
126, 0, 8, 340, 284, 49, 58.47%, 0, 3, 2, 26.92, 7562, 763, 0, 0
131, 0, 8, 344, 288, 49, 58.54%, 0, 3, 2, 56.11, 8024, 764, 0, 0
136, 0, 8, 346, 290, 49, 58.62%, 0, 3, 2, 122.75, 8284, 765, 0, 0
141, 0, 8, 348, 292, 49, 58.85%, 0, 3, 2, 30.97, 8515, 768, 0, 0
150, 0, 8, 350, 294, 49, 58.85%, 0, 3, 2, 2.60, 8665, 768, 0, 0
157, 0, 8, 351, 295, 49, 59.16%, 0, 3, 2, 6.83, 8775, 772, 0, 0
165, 0, 8, 353, 297, 49, 59.16%, 0, 3, 2, 4.26, 9043, 772, 0, 0
171, 0, 8, 355, 299, 49, 59.16%, 0, 3, 2, 79.64, 9376, 772, 0, 0
176, 0, 8, 357, 301, 49, 59.16%, 0, 4, 2, 2.00, 9767, 772, 0, 0
181, 0, 8, 358, 302, 49, 59.16%, 0, 5, 2, 42.70, 10137, 772, 0, 0
190, 0, 8, 362, 306, 49, 59.23%, 0, 5, 2, 26.43, 10399, 773, 0, 0
196, 0, 8, 366, 310, 49, 59.39%, 0, 5, 2, 74.05, 10835, 775, 0, 0
201, 0, 8, 367, 311, 49, 59.46%, 0, 5, 2, 10.65, 11033, 776, 0, 0
206, 0, 8, 370, 314, 49, 59.54%, 0, 6, 2, 54.29, 11313, 777, 0, 0
211, 0, 8, 372, 316, 49, 59.54%, 0, 6, 2, 60.51, 11680, 777, 0, 0
217, 0, 8, 372, 316, 49, 59.54%, 0, 6, 2, 21.09, 12034, 777, 0, 0
222, 0, 8, 372, 316, 49, 59.54%, 0, 6, 2, 12.17, 12217, 777, 0, 0
227, 0, 8, 375, 319, 49, 59.62%, 0, 6, 2, 56.37, 12440, 778, 0, 0
232, 0, 8, 380, 324, 49, 59.62%, 0, 6, 2, 51.57, 12812, 778, 0, 0
237, 0, 8, 382, 326, 49, 59.69%, 0, 6, 2, 534.31, 13048, 779, 0, 0
243, 0, 8, 383, 327, 49, 59.69%, 0, 6, 2, 9.22, 13480, 779, 0, 0
248, 0, 8, 385, 329, 49, 59.69%, 0, 6, 2, 34.15, 13889, 779, 0, 0
253, 0, 8, 385, 329, 49, 59.69%, 0, 6, 2, 27.11, 14332, 779, 0, 0
259, 0, 8, 386, 330, 49, 59.69%, 0, 6, 2, 19.78, 14540, 779, 0, 0
264, 0, 8, 387, 331, 49, 59.69%, 0, 6, 2, 113.45, 15026, 779, 0, 0
269, 0, 8, 389, 333, 49, 59.85%, 0, 6, 2, 56.48, 15422, 781, 0, 0
275, 0, 8, 389, 333, 49, 59.85%, 0, 6, 2, 40.48, 15826, 781, 0, 0
280, 0, 8, 392, 336, 49, 59.92%, 0, 6, 2, 7.91, 16224, 782, 0, 0
285, 0, 8, 392, 336, 49, 59.92%, 0, 6, 2, 9.82, 16663, 782, 0, 0
290, 0, 8, 392, 336, 49, 59.92%, 0, 6, 2, 77.66, 17003, 782, 0, 0
296, 0, 8, 393, 337, 49, 60.00%, 0, 6, 2, 7.54, 17208, 783, 0, 0
301, 0, 8, 395, 339, 49, 60.00%, 0, 6, 2, 542.29, 17551, 783, 0, 0
306, 0, 8, 396, 340, 49, 60.00%, 0, 6, 2, 32.13, 17915, 783, 0, 0
311, 0, 8, 397, 341, 49, 60.00%, 0, 6, 2, 61.93, 18278, 783, 0, 0
317, 0, 8, 398, 342, 49, 60.00%, 0, 6, 2, 20.66, 18566, 783, 0, 0
322, 0, 8, 400, 344, 49, 60.00%, 0, 6, 2, 46.97, 19021, 783, 0, 0
331, 0, 8, 401, 345, 49, 60.00%, 0, 6, 2, 3.66, 19168, 783, 0, 0
336, 0, 8, 402, 346, 49, 60.00%, 0, 6, 2, 69.15, 19420, 783, 0, 0
341, 0, 8, 402, 346, 49, 60.00%, 0, 6, 2, 60.64, 19687, 783, 0, 0
347, 0, 8, 402, 346, 49, 60.00%, 0, 6, 2, 5.93, 20037, 783, 0, 0
357, 0, 8, 405, 349, 49, 60.00%, 0, 6, 2, 2.15, 20425, 783, 0, 0
363, 0, 8, 405, 349, 49, 60.00%, 0, 6, 2, 69.93, 20790, 783, 0, 0
368, 0, 8, 405, 349, 49, 60.00%, 0, 7, 2, 21.03, 21033, 783, 0, 0
373, 0, 8, 405, 349, 49, 60.00%, 0, 7, 2, 17.37, 21390, 783, 0, 0
378, 0, 8, 405, 349, 49, 60.00%, 0, 7, 2, 46.88, 21649, 783, 0, 0
383, 0, 8, 405, 349, 49, 60.00%, 0, 7, 2, 48.21, 21911, 783, 0, 0
389, 0, 8, 405, 349, 49, 60.00%, 0, 7, 2, 43.63, 22287, 783, 0, 0
394, 0, 8, 407, 351, 49, 60.23%, 0, 7, 2, 99.48, 22813, 786, 0, 0
399, 0, 8, 408, 352, 49, 60.31%, 0, 7, 2, 7.74, 23128, 787, 0, 0
405, 0, 8, 408, 352, 49, 60.31%, 0, 7, 2, 38.08, 23318, 787, 0, 0
410, 0, 8, 408, 352, 49, 60.31%, 0, 8, 2, 4.06, 23527, 787, 0, 0
415, 0, 8, 409, 353, 49, 60.31%, 0, 8, 2, 87.24, 23811, 787, 0, 0
421, 0, 8, 409, 353, 49, 60.31%, 0, 8, 2, 12.62, 24032, 787, 0, 0
426, 0, 8, 409, 353, 49, 60.31%, 0, 8, 2, 77.36, 24452, 787, 0, 0
431, 0, 8, 410, 354, 49, 60.38%, 0, 8, 2, 72.62, 24761, 788, 0, 0
438, 0, 8, 412, 356, 49, 60.46%, 0, 8, 2, 113.64, 25163, 789, 0, 0
443, 0, 8, 413, 357, 49, 60.46%, 0, 8, 2, 16.40, 25623, 789, 0, 0
449, 0, 8, 413, 357, 49, 60.46%, 0, 8, 2, 4.93, 26081, 789, 0, 0
454, 0, 8, 414, 358, 49, 60.46%, 0, 8, 2, 104.82, 26339, 789, 0, 0
459, 0, 8, 415, 359, 49, 60.46%, 0, 8, 2, 86.97, 26686, 789, 0, 0
464, 0, 8, 415, 359, 49, 60.46%, 0, 8, 2, 7.91, 26985, 789, 0, 0
470, 0, 8, 415, 359, 49, 60.46%, 0, 8, 2, 6.83, 27206, 789, 0, 0
475, 0, 8, 415, 359, 49, 60.46%, 0, 8, 2, 73.38, 27482, 789, 0, 0
480, 0, 8, 415, 359, 49, 60.46%, 0, 8, 2, 45.78, 27814, 789, 0, 0
486, 0, 8, 416, 360, 49, 60.61%, 0, 8, 2, 87.07, 28108, 791, 0, 0
491, 0, 8, 416, 360, 49, 60.61%, 0, 8, 2, 24.47, 28350, 791, 0, 0
496, 0, 8, 416, 360, 49, 60.61%, 0, 8, 2, 74.24, 28656, 791, 0, 0
502, 0, 8, 416, 360, 49, 60.61%, 0, 8, 2, 37.00, 28984, 791, 0, 0
507, 0, 8, 417, 361, 49, 60.61%, 0, 8, 2, 44.51, 29271, 791, 0, 0
512, 0, 8, 417, 361, 49, 60.61%, 0, 8, 2, 42.26, 29501, 791, 0, 0
517, 0, 8, 418, 362, 49, 60.69%, 0, 9, 2, 6.43, 29682, 792, 0, 0
523, 0, 8, 418, 362, 49, 60.69%, 0, 9, 2, 56.27, 30066, 792, 0, 0
528, 0, 8, 419, 363, 49, 60.84%, 0, 9, 2, 39.94, 30491, 794, 0, 0
533, 0, 8, 419, 363, 49, 60.84%, 0, 9, 2, 24.39, 30801, 794, 0, 0
538, 0, 8, 419, 363, 49, 60.84%, 0, 9, 2, 13.86, 31006, 794, 0, 0
544, 0, 8, 419, 363, 49, 60.84%, 0, 9, 2, 89.19, 31205, 794, 0, 0
549, 0, 8, 419, 363, 49, 60.84%, 0, 9, 2, 21.13, 31542, 794, 0, 0
554, 0, 8, 419, 363, 49, 60.84%, 0, 9, 2, 23.60, 31798, 794, 0, 0
560, 0, 8, 419, 363, 49, 60.84%, 0, 9, 2, 5.92, 32028, 794, 0, 0
565, 0, 8, 420, 364, 49, 61.00%, 0, 9, 2, 126.93, 32382, 796, 0, 0
570, 0, 8, 420, 364, 49, 61.00%, 0, 9, 2, 125.17, 32771, 796, 0, 0
576, 0, 8, 422, 366, 49, 61.07%, 0, 9, 2, 24.20, 33000, 797, 0, 0
581, 0, 8, 422, 366, 49, 61.07%, 0, 9, 2, 82.69, 33258, 797, 0, 0
586, 0, 8, 422, 366, 49, 61.07%, 0, 9, 2, 21.51, 33573, 797, 0, 0
592, 0, 8, 422, 366, 49, 61.07%, 0, 9, 2, 68.16, 34090, 797, 0, 0
598, 0, 8, 424, 368, 49, 61.07%, 0, 10, 2, 22.71, 34513, 797, 0, 0
603, 0, 8, 425, 369, 49, 61.07%, 0, 10, 2, 5.94, 34999, 797, 0, 0
608, 0, 8, 425, 369, 49, 61.07%, 0, 10, 2, 17.50, 35170, 797, 0, 0
613, 0, 8, 425, 369, 49, 61.07%, 0, 10, 2, 23.55, 35433, 797, 0, 0
619, 0, 8, 425, 369, 49, 61.07%, 0, 10, 2, 430.62, 35877, 797, 0, 0
624, 0, 8, 426, 370, 49, 61.07%, 0, 10, 2, 78.83, 36254, 797, 0, 0
630, 0, 8, 426, 370, 49, 61.07%, 0, 10, 2, 42.59, 36430, 797, 0, 0
635, 0, 8, 426, 370, 49, 61.07%, 0, 10, 2, 21.88, 36833, 797, 0, 0
640, 0, 8, 426, 370, 49, 61.07%, 0, 10, 2, 51.36, 37062, 797, 0, 0
645, 0, 8, 427, 371, 49, 61.07%, 0, 10, 2, 50.19, 37381, 797, 0, 0
648, 0, 19, 427, 371, 89, 61.07%, 0, 10, 2, 7.17, 37433, 797, 0, 0
