# relative_time, cycles_done, cur_item, corpus_count, pending_total, pending_favs, map_size, saved_crashes, saved_hangs, max_depth, execs_per_sec, total_execs, edges_found, total_crashes, servers_count
60, 0, 8, 441, 382, 55, 58.39%, 0, 1, 2, 10.42, 7306, 762, 0, 0
65, 0, 8, 457, 398, 55, 58.70%, 0, 1, 2, 141.09, 8626, 766, 0, 0
71, 0, 8, 470, 411, 55, 58.77%, 0, 1, 2, 224.16, 9824, 767, 0, 0
77, 0, 8, 482, 423, 55, 58.77%, 0, 3, 2, 11.61, 10829, 767, 0, 0
83, 0, 8, 488, 429, 55, 58.85%, 0, 3, 2, 11.74, 11476, 768, 0, 0
88, 0, 8, 490, 431, 55, 59.00%, 0, 4, 2, 66.96, 12075, 770, 0, 0
93, 0, 8, 495, 436, 55, 59.00%, 0, 4, 2, 570.00, 12883, 770, 0, 0
98, 0, 8, 501, 442, 55, 59.23%, 0, 4, 2, 151.25, 14149, 773, 0, 0
104, 0, 8, 504, 445, 55, 59.23%, 0, 4, 2, 38.03, 14751, 773, 0, 0
109, 0, 8, 507, 448, 55, 59.23%, 0, 4, 2, 23.22, 15476, 773, 0, 0
114, 0, 8, 511, 452, 55, 59.23%, 0, 4, 2, 123.80, 16415, 773, 0, 0
119, 0, 8, 511, 452, 55, 59.23%, 0, 4, 2, 554.98, 17365, 773, 0, 0
125, 0, 8, 513, 454, 55, 59.23%, 0, 5, 2, 66.11, 17939, 773, 0, 0
131, 0, 8, 524, 465, 55, 59.54%, 0, 6, 2, 25.89, 18821, 777, 0, 0
141, 0, 8, 527, 468, 55, 59.54%, 0, 7, 2, 1.99, 18877, 777, 0, 0
149, 0, 8, 530, 471, 55, 59.54%, 0, 7, 2, 2.36, 18920, 777, 0, 0
158, 0, 8, 531, 472, 55, 59.62%, 0, 9, 2, 2.29, 18940, 778, 0, 0
170, 0, 8, 538, 479, 55, 60.15%, 0, 9, 2, 2.34, 19056, 785, 0, 0
178, 0, 8, 539, 480, 55, 60.61%, 0, 9, 2, 3.02, 19083, 791, 0, 0
183, 0, 8, 540, 481, 55, 60.61%, 0, 9, 2, 13.51, 19147, 791, 0, 0
190, 0, 8, 541, 482, 55, 60.69%, 0, 9, 2, 1.99, 19160, 792, 0, 0
195, 0, 8, 541, 482, 55, 60.69%, 0, 10, 2, 3.12, 19180, 792, 0, 0
202, 0, 8, 543, 484, 55, 60.69%, 0, 12, 2, 1.86, 19235, 792, 0, 0
207, 0, 8, 547, 488, 55, 60.84%, 0, 12, 2, 2.21, 19308, 794, 0, 0
213, 0, 8, 547, 488, 55, 60.84%, 0, 14, 2, 1.25, 19333, 794, 0, 0
223, 0, 8, 549, 490, 55, 60.92%, 0, 14, 2, 2.62, 19379, 795, 0, 0
228, 0, 8, 551, 492, 55, 61.00%, 0, 14, 2, 16.82, 19429, 796, 0, 0
238, 0, 8, 553, 494, 55, 61.07%, 0, 14, 2, 2.90, 19491, 797, 0, 0
248, 0, 8, 554, 495, 55, 61.07%, 0, 15, 2, 3.11, 19518, 797, 0, 0
254, 0, 8, 555, 496, 55, 61.07%, 0, 16, 2, 2.29, 19556, 797, 0, 0
263, 0, 8, 557, 498, 55, 61.07%, 0, 16, 2, 2.16, 19594, 797, 0, 0
268, 0, 8, 557, 498, 55, 61.07%, 0, 17, 2, 2.97, 19614, 797, 0, 0
277, 0, 8, 559, 500, 55, 61.15%, 0, 17, 2, 4.08, 19658, 798, 0, 0
282, 0, 8, 560, 501, 55, 61.15%, 0, 17, 2, 4.70, 19688, 798, 0, 0
287, 0, 8, 560, 501, 55, 61.15%, 0, 17, 2, 5.54, 19724, 798, 0, 0
294, 0, 8, 561, 502, 55, 61.23%, 0, 19, 2, 1.64, 19759, 799, 0, 0
299, 0, 8, 561, 502, 55, 61.23%, 0, 19, 2, 3.14, 19784, 799, 0, 0
305, 0, 8, 562, 503, 55, 61.23%, 0, 19, 2, 3.08, 19798, 799, 0, 0
315, 0, 8, 563, 504, 55, 61.30%, 0, 19, 2, 1.99, 19854, 800, 0, 0
320, 0, 8, 563, 504, 55, 61.30%, 0, 19, 2, 3.00, 19875, 800, 0, 0
325, 0, 8, 567, 508, 55, 61.53%, 0, 19, 2, 5.93, 19957, 803, 0, 0
330, 0, 8, 569, 510, 55, 61.61%, 0, 19, 2, 7.42, 20002, 804, 0, 0
336, 0, 8, 569, 510, 55, 61.61%, 0, 19, 2, 7.37, 20038, 804, 0, 0
341, 0, 8, 569, 510, 55, 61.61%, 0, 20, 2, 6.46, 20062, 804, 0, 0
346, 0, 8, 569, 510, 55, 61.61%, 0, 21, 2, 8.96, 20084, 804, 0, 0
352, 0, 8, 571, 512, 55, 61.76%, 0, 22, 2, 3.78, 20151, 806, 0, 0
359, 0, 8, 572, 513, 55, 61.76%, 0, 22, 2, 3.93, 20170, 806, 0, 0
364, 0, 8, 572, 513, 55, 61.76%, 0, 23, 2, 4.27, 20193, 806, 0, 0
372, 0, 8, 573, 514, 55, 61.76%, 0, 23, 2, 2.65, 20247, 806, 0, 0
377, 0, 8, 574, 515, 55, 61.76%, 0, 23, 2, 29.09, 20291, 806, 0, 0
386, 0, 8, 575, 516, 55, 61.84%, 0, 23, 2, 4.15, 20333, 807, 0, 0
392, 0, 8, 576, 517, 55, 61.99%, 0, 24, 2, 11.72, 20374, 809, 0, 0
397, 0, 8, 577, 518, 55, 61.99%, 0, 25, 2, 2.14, 20416, 809, 0, 0
403, 0, 8, 579, 520, 55, 62.07%, 0, 26, 2, 4.41, 20470, 810, 0, 0
408, 0, 8, 579, 520, 55, 62.07%, 0, 26, 2, 5.11, 20500, 810, 0, 0
413, 0, 8, 579, 520, 55, 62.07%, 0, 27, 2, 5.44, 20533, 810, 0, 0
424, 0, 8, 581, 522, 55, 62.15%, 0, 27, 2, 1.99, 20582, 811, 0, 0
429, 0, 8, 581, 522, 55, 62.15%, 0, 27, 2, 3.30, 20630, 811, 0, 0
438, 0, 8, 582, 523, 55, 62.22%, 0, 27, 2, 3.01, 20649, 812, 0, 0
443, 0, 8, 582, 523, 55, 62.22%, 0, 27, 2, 3.18, 20666, 812, 0, 0
448, 0, 8, 582, 523, 55, 62.22%, 0, 28, 2, 4.86, 20700, 812, 0, 0
454, 0, 8, 582, 523, 55, 62.22%, 0, 29, 2, 5.10, 20728, 812, 0, 0
460, 0, 8, 582, 523, 55, 62.22%, 0, 30, 2, 5.91, 20757, 812, 0, 0
465, 0, 8, 582, 523, 55, 62.22%, 0, 30, 2, 5.62, 20811, 812, 0, 0
471, 0, 8, 582, 523, 55, 62.22%, 0, 32, 2, 5.55, 20844, 812, 0, 0
479, 0, 8, 584, 525, 55, 62.22%, 0, 32, 2, 7.11, 20884, 812, 0, 0
484, 0, 8, 584, 525, 55, 62.22%, 0, 32, 2, 8.61, 20939, 812, 0, 0
489, 0, 8, 586, 527, 55, 62.22%, 0, 32, 2, 39.03, 21013, 812, 0, 0
494, 0, 8, 587, 528, 55, 62.22%, 0, 33, 2, 2.57, 21032, 812, 0, 0
500, 0, 8, 587, 528, 55, 62.22%, 0, 34, 2, 17.90, 21066, 812, 0, 0
505, 0, 8, 587, 528, 55, 62.22%, 0, 34, 2, 2.56, 21107, 812, 0, 0
510, 0, 8, 587, 528, 55, 62.22%, 0, 34, 2, 2.48, 21145, 812, 0, 0
515, 0, 8, 587, 528, 55, 62.22%, 0, 34, 2, 12.75, 21181, 812, 0, 0
520, 0, 8, 587, 528, 55, 62.22%, 0, 34, 2, 2.12, 21207, 812, 0, 0
525, 0, 8, 587, 528, 55, 62.22%, 0, 34, 2, 2.19, 21227, 812, 0, 0
533, 0, 8, 588, 529, 55, 62.22%, 0, 34, 2, 2.40, 21245, 812, 0, 0
539, 0, 8, 589, 530, 55, 62.30%, 0, 34, 2, 2.37, 21258, 813, 0, 0
545, 0, 8, 590, 531, 55, 62.30%, 0, 34, 2, 1.99, 21307, 813, 0, 0
550, 0, 8, 590, 531, 55, 62.30%, 0, 34, 2, 1.98, 21345, 813, 0, 0
555, 0, 8, 590, 531, 55, 62.30%, 0, 34, 2, 2.60, 21385, 813, 0, 0
560, 0, 8, 590, 531, 55, 62.30%, 0, 36, 2, 3.43, 21404, 813, 0, 0
566, 0, 8, 590, 531, 55, 62.30%, 0, 36, 2, 5.57, 21448, 813, 0, 0
571, 0, 8, 590, 531, 55, 62.30%, 0, 36, 2, 5.65, 21480, 813, 0, 0
576, 0, 8, 590, 531, 55, 62.30%, 0, 36, 2, 6.00, 21512, 813, 0, 0
581, 0, 8, 590, 531, 55, 62.30%, 0, 37, 2, 5.83, 21537, 813, 0, 0
586, 0, 8, 590, 531, 55, 62.30%, 0, 38, 2, 5.69, 21561, 813, 0, 0
591, 0, 8, 590, 531, 55, 62.30%, 0, 39, 2, 5.36, 21583, 813, 0, 0
598, 0, 8, 591, 532, 55, 62.30%, 0, 40, 2, 1.25, 21622, 813, 0, 0
603, 0, 8, 592, 533, 55, 62.30%, 0, 40, 2, 2.78, 21668, 813, 0, 0
608, 0, 8, 592, 533, 55, 62.30%, 0, 41, 2, 2.80, 21681, 813, 0, 0
613, 0, 8, 592, 533, 55, 62.30%, 0, 41, 2, 3.88, 21707, 813, 0, 0
618, 0, 8, 592, 533, 55, 62.30%, 0, 41, 2, 1.93, 21750, 813, 0, 0
624, 0, 8, 592, 533, 55, 62.30%, 0, 42, 2, 3.75, 21775, 813, 0, 0
629, 0, 8, 592, 533, 55, 62.30%, 0, 43, 2, 4.72, 21808, 813, 0, 0
635, 0, 8, 592, 533, 55, 62.30%, 0, 44, 2, 4.64, 21831, 813, 0, 0
637, 0, 8, 592, 533, 55, 62.30%, 0, 44, 2, 4.36, 21838, 813, 0, 0
