# relative_time, cycles_done, cur_item, corpus_count, pending_total, pending_favs, map_size, saved_crashes, saved_hangs, max_depth, execs_per_sec, total_execs, edges_found, total_crashes, servers_count
61, 0, 0, 302, 290, 92, 25.32%, 0, 0, 2, 71.74, 5880, 932, 0, 0
66, 0, 0, 302, 290, 92, 25.32%, 0, 0, 2, 78.46, 6288, 932, 0, 0
71, 0, 0, 303, 291, 92, 25.32%, 0, 0, 2, 79.75, 6692, 932, 0, 0
77, 0, 0, 303, 291, 92, 25.32%, 0, 0, 2, 79.59, 7104, 932, 0, 0
82, 0, 0, 312, 300, 92, 25.43%, 0, 0, 2, 58.13, 7361, 936, 0, 0
87, 0, 0, 319, 307, 92, 25.48%, 0, 0, 2, 50.75, 7608, 938, 0, 0
92, 0, 0, 326, 314, 92, 25.56%, 0, 0, 2, 50.58, 7865, 941, 0, 0
97, 0, 0, 334, 322, 92, 25.84%, 0, 0, 2, 49.49, 8121, 951, 0, 0
102, 0, 0, 338, 326, 92, 25.89%, 0, 0, 2, 48.37, 8364, 953, 0, 0
108, 0, 0, 342, 330, 92, 25.94%, 0, 0, 2, 46.86, 8583, 955, 0, 0
113, 0, 0, 346, 334, 92, 25.94%, 0, 0, 2, 48.71, 8837, 955, 0, 0
118, 0, 0, 351, 339, 92, 26.08%, 0, 0, 2, 49.06, 9091, 960, 0, 0
123, 0, 0, 356, 344, 92, 26.08%, 0, 0, 2, 48.99, 9348, 960, 0, 0
128, 0, 0, 360, 348, 92, 26.13%, 0, 0, 2, 48.39, 9575, 962, 0, 0
133, 0, 0, 362, 350, 92, 26.13%, 0, 0, 2, 49.89, 9834, 962, 0, 0
138, 0, 0, 368, 356, 92, 26.19%, 0, 0, 2, 49.70, 10086, 964, 0, 0
144, 0, 0, 372, 360, 92, 26.22%, 0, 0, 2, 48.16, 10322, 965, 0, 0
149, 0, 0, 377, 365, 92, 26.27%, 0, 0, 2, 49.75, 10574, 967, 0, 0
154, 0, 0, 382, 370, 92, 26.27%, 0, 0, 2, 48.23, 10832, 967, 0, 0
159, 0, 0, 386, 374, 92, 26.30%, 0, 0, 2, 50.77, 11092, 968, 0, 0
164, 0, 0, 391, 379, 92, 26.32%, 0, 0, 2, 49.93, 11326, 969, 0, 0
169, 0, 0, 393, 381, 92, 26.35%, 0, 0, 2, 50.62, 11582, 970, 0, 0
174, 0, 0, 394, 382, 92, 26.35%, 0, 0, 2, 51.02, 11840, 970, 0, 0
180, 0, 0, 397, 385, 92, 26.43%, 0, 0, 2, 50.58, 12105, 973, 0, 0
185, 0, 0, 399, 387, 92, 26.46%, 0, 0, 2, 48.93, 12357, 974, 0, 0
190, 0, 0, 402, 390, 92, 26.49%, 0, 0, 2, 49.46, 12611, 975, 0, 0
195, 0, 0, 405, 393, 92, 26.49%, 0, 0, 2, 48.76, 12855, 975, 0, 0
200, 0, 0, 408, 396, 92, 26.49%, 0, 0, 2, 49.86, 13117, 975, 0, 0
205, 0, 0, 408, 396, 92, 26.49%, 0, 0, 2, 49.01, 13367, 975, 0, 0
210, 0, 0, 409, 397, 92, 26.49%, 0, 0, 2, 51.69, 13634, 975, 0, 0
215, 0, 0, 411, 399, 92, 26.54%, 0, 0, 2, 50.61, 13885, 977, 0, 0
221, 0, 0, 415, 403, 92, 26.54%, 0, 0, 2, 48.20, 14145, 977, 0, 0
226, 0, 0, 415, 403, 92, 26.54%, 0, 0, 2, 48.98, 14399, 977, 0, 0
231, 0, 0, 417, 405, 92, 26.54%, 0, 0, 2, 49.74, 14658, 977, 0, 0
236, 0, 0, 420, 408, 92, 26.54%, 0, 0, 2, 49.16, 14900, 977, 0, 0
241, 0, 0, 423, 411, 92, 26.60%, 0, 0, 2, 48.49, 15154, 979, 0, 0
247, 0, 0, 424, 412, 92, 26.60%, 0, 0, 2, 49.79, 15414, 979, 0, 0
252, 0, 0, 428, 416, 92, 26.76%, 0, 0, 2, 48.46, 15658, 985, 0, 0
257, 0, 0, 429, 417, 92, 26.76%, 0, 0, 2, 49.65, 15905, 985, 0, 0
262, 0, 0, 431, 419, 92, 26.76%, 0, 0, 2, 48.09, 16147, 985, 0, 0
267, 0, 0, 432, 420, 92, 26.79%, 0, 0, 2, 50.36, 16403, 986, 0, 0
272, 0, 0, 434, 422, 92, 26.79%, 0, 0, 2, 49.40, 16646, 986, 0, 0
277, 0, 0, 434, 422, 92, 26.79%, 0, 0, 2, 49.71, 16899, 986, 0, 0
282, 0, 0, 435, 423, 92, 26.84%, 0, 0, 2, 49.29, 17148, 988, 0, 0
287, 0, 0, 439, 427, 92, 26.95%, 0, 0, 2, 48.08, 17366, 992, 0, 0
292, 0, 0, 441, 429, 92, 26.95%, 0, 0, 2, 49.82, 17616, 992, 0, 0
298, 0, 0, 442, 430, 92, 26.95%, 0, 0, 2, 49.48, 17874, 992, 0, 0
303, 0, 0, 443, 431, 92, 26.95%, 0, 0, 2, 49.45, 18117, 992, 0, 0
308, 0, 0, 444, 432, 92, 26.95%, 0, 0, 2, 49.95, 18355, 992, 0, 0
313, 0, 0, 445, 433, 92, 26.95%, 0, 0, 2, 50.17, 18611, 992, 0, 0
318, 0, 1, 447, 434, 133, 27.00%, 0, 0, 2, 49.30, 18853, 994, 0, 0
323, 0, 5, 451, 435, 133, 27.09%, 0, 0, 2, 48.60, 19085, 997, 0, 0
329, 0, 5, 455, 439, 133, 27.09%, 0, 0, 2, 47.12, 19313, 997, 0, 0
334, 0, 5, 461, 445, 133, 27.14%, 0, 0, 2, 46.26, 19501, 999, 0, 0
339, 0, 5, 466, 450, 133, 27.17%, 0, 0, 2, 50.08, 19764, 1000, 0, 0
345, 0, 5, 471, 455, 133, 27.17%, 0, 0, 2, 54.12, 20056, 1000, 0, 0
350, 0, 5, 476, 460, 133, 27.17%, 0, 0, 2, 53.08, 20314, 1000, 0, 0
355, 0, 5, 482, 466, 133, 27.17%, 0, 0, 2, 50.93, 20567, 1000, 0, 0
360, 0, 5, 485, 469, 133, 27.17%, 0, 0, 2, 48.76, 20798, 1000, 0, 0
365, 0, 5, 487, 471, 133, 27.17%, 0, 0, 2, 51.42, 21060, 1000, 0, 0
370, 0, 5, 490, 474, 133, 27.17%, 0, 0, 2, 50.89, 21304, 1000, 0, 0
376, 0, 5, 494, 478, 133, 27.17%, 0, 0, 2, 50.39, 21561, 1000, 0, 0
381, 0, 5, 497, 481, 133, 27.28%, 0, 0, 2, 49.89, 21803, 1004, 0, 0
386, 0, 5, 501, 485, 133, 27.30%, 0, 0, 2, 46.60, 21999, 1005, 0, 0
391, 0, 20, 502, 482, 134, 27.30%, 0, 0, 2, 50.19, 22258, 1005, 0, 0
397, 0, 31, 506, 483, 133, 27.47%, 0, 0, 2, 48.00, 22491, 1011, 0, 0
402, 0, 42, 509, 484, 132, 27.47%, 0, 0, 2, 47.84, 22717, 1011, 0, 0
407, 0, 44, 514, 488, 131, 27.49%, 0, 0, 2, 46.48, 22920, 1012, 0, 0
412, 0, 44, 518, 492, 131, 27.52%, 0, 0, 2, 42.93, 23119, 1013, 0, 0
417, 0, 44, 521, 495, 131, 27.52%, 0, 0, 2, 43.25, 23301, 1013, 0, 0
422, 0, 44, 523, 497, 131, 27.52%, 0, 0, 2, 46.17, 23519, 1013, 0, 0
427, 0, 44, 526, 500, 131, 27.52%, 0, 0, 2, 44.29, 23711, 1013, 0, 0
432, 0, 44, 527, 501, 131, 27.52%, 0, 0, 2, 46.35, 23938, 1013, 0, 0
437, 0, 44, 531, 505, 131, 27.52%, 0, 0, 2, 45.66, 24143, 1013, 0, 0
442, 0, 44, 534, 508, 131, 27.52%, 0, 0, 2, 48.22, 24385, 1013, 0, 0
447, 0, 44, 537, 511, 131, 27.55%, 0, 0, 2, 45.51, 24588, 1014, 0, 0
452, 0, 44, 541, 515, 131, 27.63%, 0, 0, 2, 45.30, 24796, 1017, 0, 0
457, 0, 44, 543, 517, 131, 27.71%, 0, 0, 2, 47.20, 25035, 1020, 0, 0
463, 0, 44, 545, 519, 131, 27.71%, 0, 0, 2, 49.49, 25273, 1020, 0, 0
468, 0, 44, 551, 525, 131, 27.71%, 0, 0, 2, 49.06, 25521, 1020, 0, 0
473, 0, 44, 553, 527, 131, 27.71%, 0, 0, 2, 48.53, 25761, 1020, 0, 0
478, 0, 47, 556, 527, 130, 27.76%, 0, 0, 2, 47.91, 25998, 1022, 0, 0
483, 0, 50, 561, 531, 129, 27.85%, 0, 0, 2, 25.28, 26222, 1025, 0, 0
488, 0, 50, 565, 535, 129, 27.85%, 0, 0, 2, 42.14, 26464, 1025, 0, 0
493, 0, 50, 567, 537, 129, 27.98%, 0, 0, 2, 46.41, 26700, 1030, 0, 0
498, 0, 50, 568, 538, 129, 27.98%, 0, 0, 2, 47.86, 26946, 1030, 0, 0
503, 0, 50, 572, 542, 129, 27.98%, 0, 0, 2, 45.76, 27170, 1030, 0, 0
509, 0, 50, 573, 543, 129, 27.98%, 0, 0, 2, 48.79, 27425, 1030, 0, 0
514, 0, 50, 574, 544, 129, 28.06%, 0, 0, 2, 48.93, 27656, 1033, 0, 0
519, 0, 50, 574, 544, 129, 28.06%, 0, 0, 2, 49.63, 27913, 1033, 0, 0
524, 0, 50, 576, 546, 129, 28.06%, 0, 0, 2, 46.41, 28130, 1033, 0, 0
529, 0, 50, 578, 548, 129, 28.06%, 0, 0, 2, 48.51, 28372, 1033, 0, 0
534, 0, 50, 578, 548, 129, 28.06%, 0, 0, 2, 47.62, 28617, 1033, 0, 0
539, 0, 50, 579, 549, 129, 28.06%, 0, 0, 2, 45.80, 28834, 1033, 0, 0
544, 0, 65, 580, 545, 127, 28.06%, 0, 0, 2, 44.12, 29060, 1033, 0, 0
549, 0, 82, 582, 542, 122, 28.06%, 0, 0, 2, 47.15, 29297, 1033, 0, 0
555, 0, 104, 586, 544, 121, 28.09%, 0, 0, 2, 44.30, 29520, 1034, 0, 0
560, 0, 104, 586, 544, 121, 28.09%, 0, 0, 2, 38.43, 29713, 1034, 0, 0
565, 0, 104, 586, 544, 121, 28.09%, 0, 0, 2, 32.06, 29874, 1034, 0, 0
570, 0, 104, 586, 544, 121, 28.09%, 0, 0, 2, 33.57, 30054, 1034, 0, 0
575, 0, 104, 586, 544, 121, 28.09%, 0, 0, 2, 32.28, 30222, 1034, 0, 0
580, 0, 104, 586, 544, 121, 28.09%, 0, 0, 2, 34.92, 30395, 1034, 0, 0
585, 0, 104, 586, 544, 121, 28.09%, 0, 0, 2, 33.05, 30564, 1034, 0, 0
591, 0, 104, 586, 544, 121, 28.09%, 0, 0, 2, 40.04, 30777, 1034, 0, 0
596, 0, 104, 586, 544, 121, 28.09%, 0, 0, 2, 32.43, 30927, 1034, 0, 0
601, 0, 104, 586, 544, 121, 28.09%, 0, 0, 2, 29.51, 31078, 1034, 0, 0
606, 0, 104, 587, 545, 121, 28.09%, 0, 0, 2, 32.90, 31245, 1034, 0, 0
611, 0, 104, 590, 548, 121, 28.09%, 0, 0, 2, 37.04, 31442, 1034, 0, 0
616, 0, 104, 592, 550, 121, 28.09%, 0, 0, 2, 38.33, 31622, 1034, 0, 0
621, 0, 104, 594, 552, 121, 28.09%, 0, 0, 2, 34.48, 31782, 1034, 0, 0
626, 0, 104, 595, 553, 121, 28.09%, 0, 0, 2, 34.52, 31947, 1034, 0, 0
631, 0, 104, 596, 554, 121, 28.09%, 0, 0, 2, 36.51, 32137, 1034, 0, 0
637, 0, 104, 598, 556, 121, 28.09%, 0, 0, 2, 38.26, 32334, 1034, 0, 0
642, 0, 104, 599, 557, 121, 28.09%, 0, 0, 2, 36.10, 32513, 1034, 0, 0
647, 0, 104, 600, 558, 121, 28.09%, 0, 0, 2, 36.76, 32697, 1034, 0, 0
652, 0, 104, 602, 560, 121, 28.12%, 0, 0, 2, 37.46, 32892, 1035, 0, 0
657, 0, 104, 602, 560, 121, 28.12%, 0, 0, 2, 35.36, 33058, 1035, 0, 0
662, 0, 104, 603, 561, 121, 28.12%, 0, 0, 2, 36.00, 33239, 1035, 0, 0
667, 0, 104, 604, 562, 121, 28.12%, 0, 0, 2, 35.01, 33407, 1035, 0, 0
672, 0, 104, 606, 564, 121, 28.12%, 0, 0, 2, 35.84, 33586, 1035, 0, 0
677, 0, 104, 606, 564, 121, 28.12%, 0, 0, 2, 37.07, 33776, 1035, 0, 0
683, 0, 104, 608, 566, 121, 28.12%, 0, 0, 2, 36.34, 33959, 1035, 0, 0
688, 0, 104, 608, 566, 121, 28.12%, 0, 0, 2, 37.45, 34154, 1035, 0, 0
693, 0, 104, 609, 567, 121, 28.12%, 0, 0, 2, 36.98, 34338, 1035, 0, 0
698, 0, 104, 610, 568, 121, 28.17%, 0, 0, 2, 34.49, 34501, 1037, 0, 0
703, 0, 104, 611, 569, 121, 28.17%, 0, 0, 2, 36.68, 34689, 1037, 0, 0
708, 0, 104, 613, 571, 121, 28.17%, 0, 0, 2, 35.30, 34862, 1037, 0, 0
714, 0, 104, 613, 571, 121, 28.17%, 0, 0, 2, 35.94, 35050, 1037, 0, 0
719, 0, 104, 616, 574, 121, 28.17%, 0, 0, 2, 35.65, 35233, 1037, 0, 0
724, 0, 104, 616, 574, 121, 28.17%, 0, 0, 2, 36.00, 35418, 1037, 0, 0
729, 0, 104, 617, 575, 121, 28.17%, 0, 0, 2, 35.81, 35576, 1037, 0, 0
734, 0, 104, 617, 575, 121, 28.17%, 0, 0, 2, 35.53, 35755, 1037, 0, 0
739, 0, 104, 617, 575, 121, 28.17%, 0, 0, 2, 35.36, 35940, 1037, 0, 0
744, 0, 104, 617, 575, 121, 28.17%, 0, 0, 2, 34.00, 36122, 1037, 0, 0
750, 0, 104, 618, 576, 121, 28.17%, 0, 0, 2, 36.50, 36298, 1037, 0, 0
755, 0, 104, 619, 577, 121, 28.17%, 0, 0, 2, 35.82, 36475, 1037, 0, 0
760, 0, 104, 620, 578, 121, 28.17%, 0, 0, 2, 36.09, 36650, 1037, 0, 0
765, 0, 104, 620, 578, 121, 28.17%, 0, 0, 2, 35.32, 36826, 1037, 0, 0
770, 0, 104, 620, 578, 121, 28.17%, 0, 0, 2, 12.66, 36993, 1037, 0, 0
775, 0, 104, 621, 579, 121, 28.17%, 0, 0, 2, 28.51, 37156, 1037, 0, 0
780, 0, 104, 621, 579, 121, 28.17%, 0, 0, 2, 33.54, 37337, 1037, 0, 0
785, 0, 104, 621, 579, 121, 28.17%, 0, 0, 2, 34.65, 37512, 1037, 0, 0
790, 0, 104, 621, 579, 121, 28.17%, 0, 0, 2, 36.56, 37699, 1037, 0, 0
795, 0, 104, 621, 579, 121, 28.17%, 0, 0, 2, 36.12, 37877, 1037, 0, 0
801, 0, 104, 621, 579, 121, 28.17%, 0, 0, 2, 34.77, 38062, 1037, 0, 0
806, 0, 104, 621, 579, 121, 28.17%, 0, 0, 2, 35.35, 38247, 1037, 0, 0
811, 0, 104, 621, 579, 121, 28.17%, 0, 0, 2, 35.83, 38432, 1037, 0, 0
816, 0, 104, 621, 579, 121, 28.17%, 0, 0, 2, 35.81, 38614, 1037, 0, 0
821, 0, 104, 621, 579, 121, 28.17%, 0, 0, 2, 35.99, 38802, 1037, 0, 0
826, 0, 104, 621, 579, 121, 28.17%, 0, 0, 2, 36.23, 38990, 1037, 0, 0
832, 0, 104, 622, 580, 121, 28.17%, 0, 0, 2, 37.04, 39184, 1037, 0, 0
837, 0, 104, 622, 580, 121, 28.17%, 0, 0, 2, 35.93, 39367, 1037, 0, 0
842, 0, 104, 623, 581, 121, 28.17%, 0, 0, 2, 35.49, 39544, 1037, 0, 0
847, 0, 104, 623, 581, 121, 28.17%, 0, 0, 2, 36.50, 39736, 1037, 0, 0
852, 0, 104, 624, 582, 121, 28.17%, 0, 0, 2, 35.89, 39914, 1037, 0, 0
857, 0, 104, 625, 583, 121, 28.17%, 0, 0, 2, 34.57, 40084, 1037, 0, 0
863, 0, 104, 626, 584, 121, 28.17%, 0, 0, 2, 35.40, 40281, 1037, 0, 0
868, 0, 104, 626, 584, 121, 28.17%, 0, 0, 2, 34.82, 40465, 1037, 0, 0
873, 0, 104, 627, 585, 121, 28.17%, 0, 0, 2, 34.84, 40642, 1037, 0, 0
878, 0, 104, 627, 585, 121, 28.17%, 0, 0, 2, 35.44, 40829, 1037, 0, 0
884, 0, 104, 627, 585, 121, 28.17%, 0, 0, 2, 35.60, 41013, 1037, 0, 0
889, 0, 104, 627, 585, 121, 28.17%, 0, 0, 2, 35.93, 41199, 1037, 0, 0
894, 0, 104, 629, 587, 121, 28.17%, 0, 0, 2, 34.86, 41376, 1037, 0, 0
899, 0, 104, 629, 587, 121, 28.17%, 0, 0, 2, 36.33, 41560, 1037, 0, 0
904, 0, 104, 630, 588, 121, 28.17%, 0, 0, 2, 36.02, 41747, 1037, 0, 0
909, 0, 105, 630, 587, 120, 28.17%, 0, 0, 2, 36.80, 41936, 1037, 0, 0
914, 0, 105, 641, 598, 120, 28.23%, 0, 0, 2, 40.68, 42154, 1039, 0, 0
920, 0, 105, 653, 610, 120, 28.42%, 0, 0, 2, 37.57, 42360, 1046, 0, 0
925, 0, 105, 662, 619, 120, 28.44%, 0, 0, 2, 33.94, 42508, 1047, 0, 0
931, 0, 105, 673, 630, 120, 28.44%, 0, 0, 2, 31.80, 42644, 1047, 0, 0
936, 0, 105, 682, 639, 120, 28.47%, 0, 0, 2, 29.34, 42769, 1048, 0, 0
941, 0, 105, 692, 649, 120, 28.50%, 0, 0, 2, 26.51, 42898, 1049, 0, 0
947, 0, 105, 700, 657, 120, 28.50%, 0, 0, 2, 23.96, 43006, 1049, 0, 0
953, 0, 105, 708, 665, 120, 28.50%, 0, 0, 2, 22.15, 43107, 1049, 0, 0
958, 0, 105, 715, 672, 120, 28.50%, 0, 0, 2, 21.17, 43203, 1049, 0, 0
964, 0, 105, 723, 680, 120, 28.50%, 0, 0, 2, 21.18, 43309, 1049, 0, 0
969, 0, 105, 729, 686, 120, 28.50%, 0, 0, 2, 19.54, 43390, 1049, 0, 0
974, 0, 105, 735, 692, 120, 28.50%, 0, 0, 2, 26.18, 43512, 1049, 0, 0
979, 0, 105, 741, 698, 120, 28.55%, 0, 0, 2, 35.69, 43713, 1051, 0, 0
985, 0, 105, 747, 704, 120, 28.55%, 0, 0, 2, 34.87, 43876, 1051, 0, 0
990, 0, 105, 758, 715, 120, 28.58%, 0, 0, 2, 31.74, 44048, 1052, 0, 0
996, 0, 105, 767, 724, 120, 28.63%, 0, 0, 2, 27.58, 44176, 1054, 0, 0
1001, 0, 105, 776, 733, 120, 28.63%, 0, 0, 2, 25.00, 44292, 1054, 0, 0
1007, 0, 105, 787, 744, 120, 28.72%, 0, 0, 2, 27.11, 44437, 1057, 0, 0
1012, 0, 105, 789, 746, 120, 28.72%, 0, 0, 2, 37.17, 44623, 1057, 0, 0
1017, 0, 105, 798, 755, 120, 28.74%, 0, 0, 2, 39.62, 44824, 1058, 0, 0
1022, 0, 106, 811, 768, 139, 28.96%, 0, 0, 2, 40.91, 45049, 1066, 0, 0
1028, 0, 108, 812, 768, 139, 28.96%, 0, 0, 2, 33.56, 45197, 1066, 0, 0
1033, 0, 115, 812, 766, 137, 28.96%, 0, 0, 2, 31.93, 45359, 1066, 0, 0
1038, 0, 145, 814, 762, 131, 28.96%, 0, 0, 2, 44.58, 45617, 1066, 0, 0
1044, 0, 176, 814, 756, 126, 28.96%, 0, 0, 2, 47.44, 45906, 1066, 0, 0
1049, 0, 195, 815, 753, 122, 28.96%, 0, 0, 2, 44.83, 46154, 1066, 0, 0
1054, 0, 195, 819, 757, 122, 29.01%, 0, 0, 2, 36.69, 46313, 1068, 0, 0
1060, 0, 195, 821, 759, 122, 29.07%, 0, 0, 2, 34.34, 46484, 1070, 0, 0
1065, 0, 195, 824, 762, 122, 29.12%, 0, 0, 2, 33.97, 46653, 1072, 0, 0
1070, 0, 195, 825, 763, 122, 29.15%, 0, 0, 2, 36.19, 46838, 1073, 0, 0
1075, 0, 195, 829, 767, 122, 29.23%, 0, 0, 2, 36.04, 47017, 1076, 0, 0
1080, 0, 195, 829, 767, 122, 29.23%, 0, 0, 2, 36.69, 47203, 1076, 0, 0
1085, 0, 195, 830, 768, 122, 29.26%, 0, 0, 2, 35.64, 47390, 1077, 0, 0
1090, 0, 195, 830, 768, 122, 29.26%, 0, 0, 2, 34.28, 47565, 1077, 0, 0
1096, 0, 195, 833, 771, 122, 29.34%, 0, 0, 2, 35.10, 47743, 1080, 0, 0
1101, 0, 195, 834, 772, 122, 29.37%, 0, 0, 2, 34.80, 47923, 1081, 0, 0
1106, 0, 195, 835, 773, 122, 29.39%, 0, 0, 2, 36.24, 48111, 1082, 0, 0
1111, 0, 195, 836, 774, 122, 29.42%, 0, 0, 2, 36.06, 48297, 1083, 0, 0
1116, 0, 195, 837, 775, 122, 29.45%, 0, 0, 2, 35.79, 48480, 1084, 0, 0
1121, 0, 195, 837, 775, 122, 29.45%, 0, 0, 2, 36.07, 48665, 1084, 0, 0
1126, 0, 195, 838, 776, 122, 29.48%, 0, 0, 2, 35.52, 48843, 1085, 0, 0
1132, 0, 203, 838, 774, 139, 29.48%, 0, 0, 2, 35.62, 49037, 1085, 0, 0
1137, 0, 232, 838, 763, 129, 29.48%, 0, 0, 2, 51.73, 49323, 1085, 0, 0
1142, 0, 239, 840, 759, 123, 29.48%, 0, 0, 2, 50.74, 49565, 1085, 0, 0
1147, 0, 265, 840, 752, 117, 29.48%, 0, 0, 2, 51.31, 49851, 1085, 0, 0
1153, 0, 294, 840, 747, 112, 29.48%, 0, 0, 2, 50.11, 50105, 1085, 0, 0
1158, 0, 331, 840, 742, 109, 29.48%, 0, 0, 2, 49.40, 50366, 1085, 0, 0
1163, 0, 339, 840, 738, 105, 29.48%, 0, 0, 2, 47.20, 50575, 1085, 0, 0
1168, 0, 356, 840, 733, 100, 29.48%, 0, 0, 2, 46.33, 50798, 1085, 0, 0
1174, 0, 369, 840, 728, 96, 29.48%, 0, 0, 2, 46.63, 51052, 1085, 0, 0
1179, 0, 401, 840, 721, 89, 29.48%, 0, 0, 2, 49.08, 51324, 1085, 0, 0
1184, 0, 426, 840, 714, 82, 29.48%, 0, 0, 2, 49.58, 51573, 1085, 0, 0
1191, 0, 445, 840, 709, 77, 29.48%, 0, 0, 2, 45.57, 51842, 1085, 0, 0
1197, 0, 494, 840, 704, 72, 29.48%, 0, 0, 2, 47.41, 52099, 1085, 0, 0
1202, 0, 512, 844, 705, 69, 29.48%, 0, 0, 3, 44.18, 52321, 1085, 0, 0
1208, 0, 512, 848, 709, 69, 29.50%, 0, 0, 3, 39.75, 52525, 1086, 0, 0
1213, 0, 512, 849, 710, 69, 29.50%, 0, 0, 3, 39.71, 52731, 1086, 0, 0
1218, 0, 512, 850, 711, 69, 29.50%, 0, 0, 3, 40.62, 52940, 1086, 0, 0
1223, 0, 512, 852, 713, 69, 29.50%, 0, 0, 3, 40.54, 53144, 1086, 0, 0
1228, 0, 512, 853, 714, 69, 29.50%, 0, 0, 3, 42.39, 53357, 1086, 0, 0
1233, 0, 512, 855, 716, 69, 29.50%, 0, 0, 3, 39.52, 53539, 1086, 0, 0
1238, 0, 512, 855, 716, 69, 29.50%, 0, 0, 3, 40.30, 53743, 1086, 0, 0
1243, 0, 512, 855, 716, 69, 29.50%, 0, 0, 3, 41.57, 53952, 1086, 0, 0
1248, 0, 512, 856, 717, 69, 29.50%, 0, 0, 3, 40.12, 54151, 1086, 0, 0
1253, 0, 512, 856, 717, 69, 29.50%, 0, 0, 3, 40.92, 54363, 1086, 0, 0
1258, 0, 512, 856, 717, 69, 29.50%, 0, 0, 3, 41.58, 54570, 1086, 0, 0
1264, 0, 512, 856, 717, 69, 29.50%, 0, 0, 3, 41.57, 54791, 1086, 0, 0
1269, 0, 529, 858, 718, 68, 29.50%, 0, 0, 3, 41.66, 54999, 1086, 0, 0
1274, 0, 557, 858, 710, 61, 29.50%, 0, 0, 3, 47.53, 55272, 1086, 0, 0
1279, 0, 566, 859, 707, 57, 29.50%, 0, 0, 3, 43.30, 55492, 1086, 0, 0
1284, 0, 578, 860, 705, 54, 29.50%, 0, 0, 3, 38.30, 55660, 1086, 0, 0
1290, 0, 627, 860, 702, 51, 29.50%, 0, 0, 3, 37.51, 55899, 1086, 0, 0
1295, 0, 639, 860, 698, 49, 29.50%, 0, 0, 3, 41.67, 56115, 1086, 0, 0
1301, 0, 654, 860, 692, 43, 29.50%, 0, 0, 3, 44.31, 56371, 1086, 0, 0
1306, 0, 677, 860, 690, 41, 29.50%, 0, 0, 3, 30.13, 56491, 1086, 0, 0
1312, 0, 711, 861, 689, 40, 29.53%, 0, 0, 3, 27.07, 56635, 1087, 0, 0
1318, 0, 742, 862, 686, 37, 29.53%, 0, 0, 3, 29.76, 56802, 1087, 0, 0
1323, 0, 742, 865, 689, 37, 29.53%, 0, 0, 3, 20.49, 56876, 1087, 0, 0
1328, 0, 750, 866, 688, 36, 29.53%, 0, 0, 3, 28.66, 57017, 1087, 0, 0
1334, 0, 762, 866, 684, 32, 29.53%, 0, 0, 3, 33.70, 57244, 1087, 0, 0
1339, 0, 791, 866, 679, 27, 29.53%, 0, 0, 3, 39.31, 57445, 1087, 0, 0
1344, 0, 809, 868, 677, 24, 29.61%, 0, 0, 3, 43.89, 57708, 1090, 0, 0
1350, 0, 820, 869, 674, 21, 29.61%, 0, 0, 3, 42.21, 57918, 1090, 0, 0
1355, 0, 825, 870, 671, 17, 29.61%, 0, 0, 3, 39.59, 58115, 1090, 0, 0
1360, 0, 830, 871, 668, 13, 29.61%, 0, 0, 3, 37.96, 58291, 1090, 0, 0
1365, 0, 833, 873, 667, 10, 29.61%, 0, 0, 3, 36.99, 58481, 1090, 0, 0
1370, 0, 836, 875, 666, 7, 29.61%, 0, 0, 3, 37.97, 58670, 1090, 0, 0
1375, 0, 847, 875, 664, 5, 29.61%, 0, 0, 3, 32.48, 58816, 1090, 0, 0
1381, 0, 860, 876, 664, 4, 29.61%, 0, 0, 4, 26.38, 58960, 1090, 0, 0
1388, 0, 863, 879, 666, 3, 29.61%, 0, 0, 4, 23.74, 59097, 1090, 0, 0
1393, 0, 866, 881, 667, 3, 29.67%, 0, 0, 4, 19.25, 59197, 1092, 0, 0
1398, 0, 867, 884, 669, 2, 29.86%, 0, 0, 4, 36.58, 59433, 1099, 0, 0
1404, 0, 879, 885, 669, 4, 29.86%, 0, 0, 4, 30.98, 59541, 1099, 0, 0
1410, 0, 883, 885, 666, 1, 29.86%, 0, 0, 4, 35.81, 59824, 1099, 0, 0
1415, 0, 886, 887, 666, 1, 29.91%, 0, 0, 5, 40.60, 60071, 1101, 0, 0
1420, 0, 887, 888, 666, 1, 29.94%, 0, 0, 6, 41.69, 60296, 1102, 0, 0
1425, 1, 12, 889, 664, 0, 29.94%, 0, 0, 6, 45.63, 60530, 1102, 0, 0
1430, 1, 26, 890, 661, 0, 29.94%, 0, 0, 6, 48.05, 60780, 1102, 0, 0
1435, 1, 47, 891, 659, 0, 29.94%, 0, 0, 6, 48.40, 61018, 1102, 0, 0
1440, 1, 68, 892, 658, 0, 29.94%, 0, 0, 6, 44.99, 61238, 1102, 0, 0
1445, 1, 100, 893, 656, 0, 29.94%, 0, 0, 6, 46.89, 61480, 1102, 0, 0
1451, 1, 119, 895, 656, 0, 29.96%, 0, 0, 6, 42.53, 61668, 1103, 0, 0
1456, 1, 489, 897, 656, 1, 29.96%, 0, 0, 6, 46.43, 61886, 1103, 0, 0
1461, 1, 675, 899, 656, 1, 29.96%, 0, 0, 6, 38.00, 62031, 1103, 0, 0
1467, 1, 811, 904, 659, 1, 30.07%, 0, 0, 6, 30.84, 62164, 1107, 0, 0
1472, 1, 811, 905, 660, 1, 30.24%, 0, 0, 6, 28.09, 62297, 1113, 0, 0
1477, 1, 811, 906, 661, 1, 30.24%, 0, 0, 6, 27.39, 62430, 1113, 0, 0
1477, 1, 812, 906, 661, 1, 30.24%, 0, 0, 6, 27.50, 62434, 1113, 0, 0
1477, 1, 812, 906, 661, 1, 30.24%, 0, 0, 6, 0.00, 62434, 1113, 0, 0
1477, 1, 812, 906, 661, 1, 30.24%, 0, 0, 6, 0.00, 62434, 1113, 0, 0
1477, 1, 812, 906, 661, 1, 30.24%, 0, 0, 6, 0.00, 62434, 1113, 0, 0
1538, 2, 894, 950, 705, 1, 30.81%, 0, 0, 6, 32.74, 64200, 1134, 0, 0
1543, 2, 894, 950, 705, 1, 30.81%, 0, 0, 6, 34.51, 64376, 1134, 0, 0
1548, 2, 894, 952, 707, 1, 30.81%, 0, 0, 6, 32.02, 64516, 1134, 0, 0
1553, 2, 894, 953, 708, 1, 30.81%, 0, 0, 6, 31.42, 64674, 1134, 0, 0
1559, 2, 894, 955, 710, 1, 30.81%, 0, 0, 6, 31.53, 64828, 1134, 0, 0
1564, 2, 894, 956, 711, 1, 30.81%, 0, 0, 6, 30.64, 64979, 1134, 0, 0
1569, 2, 894, 956, 711, 1, 30.81%, 0, 0, 6, 30.56, 65136, 1134, 0, 0
1574, 2, 894, 957, 712, 1, 30.81%, 0, 0, 6, 31.54, 65294, 1134, 0, 0
1579, 2, 894, 958, 713, 1, 30.81%, 0, 0, 6, 32.17, 65461, 1134, 0, 0
1584, 2, 894, 958, 713, 1, 30.81%, 0, 0, 6, 30.53, 65613, 1134, 0, 0
1589, 2, 894, 958, 713, 1, 30.81%, 0, 0, 6, 32.21, 65777, 1134, 0, 0
1594, 2, 894, 958, 713, 1, 30.81%, 0, 0, 6, 33.87, 65952, 1134, 0, 0
1599, 2, 894, 959, 714, 1, 30.81%, 0, 0, 6, 33.04, 66123, 1134, 0, 0
1605, 2, 894, 960, 715, 1, 30.83%, 0, 0, 6, 33.23, 66293, 1135, 0, 0
1610, 2, 894, 960, 715, 1, 30.83%, 0, 0, 6, 32.48, 66459, 1135, 0, 0
1615, 2, 894, 961, 716, 1, 30.83%, 0, 0, 6, 32.99, 66628, 1135, 0, 0
1620, 2, 894, 961, 716, 1, 30.83%, 0, 0, 6, 34.05, 66797, 1135, 0, 0
1625, 2, 894, 962, 717, 1, 30.83%, 0, 0, 6, 33.71, 66969, 1135, 0, 0
1630, 2, 894, 962, 717, 1, 30.83%, 0, 0, 6, 33.52, 67140, 1135, 0, 0
1635, 2, 894, 962, 717, 1, 30.83%, 0, 0, 6, 32.64, 67312, 1135, 0, 0
1640, 2, 894, 962, 717, 1, 30.83%, 0, 0, 6, 31.13, 67467, 1135, 0, 0
1645, 2, 894, 962, 717, 1, 30.83%, 0, 0, 6, 28.99, 67617, 1135, 0, 0
1650, 2, 894, 963, 718, 1, 30.83%, 0, 0, 6, 30.07, 67767, 1135, 0, 0
1656, 2, 894, 964, 719, 1, 30.86%, 0, 0, 6, 31.75, 67930, 1136, 0, 0
1661, 2, 894, 964, 719, 1, 30.86%, 0, 0, 6, 35.11, 68111, 1136, 0, 0
1666, 2, 894, 965, 720, 1, 30.86%, 0, 0, 6, 33.16, 68269, 1136, 0, 0
1671, 2, 894, 966, 721, 1, 30.86%, 0, 0, 6, 33.22, 68425, 1136, 0, 0
1676, 2, 894, 966, 721, 1, 30.86%, 0, 0, 6, 31.46, 68589, 1136, 0, 0
1681, 2, 894, 966, 721, 1, 30.86%, 0, 0, 6, 30.01, 68742, 1136, 0, 0
1686, 2, 894, 968, 723, 1, 30.86%, 0, 0, 6, 34.58, 68928, 1136, 0, 0
1691, 2, 894, 969, 724, 1, 30.86%, 0, 0, 6, 31.84, 69088, 1136, 0, 0
1696, 2, 894, 970, 725, 1, 30.86%, 0, 0, 6, 32.02, 69242, 1136, 0, 0
1702, 2, 894, 970, 725, 1, 30.86%, 0, 0, 6, 33.53, 69416, 1136, 0, 0
1707, 2, 894, 972, 727, 1, 30.86%, 0, 0, 6, 34.96, 69593, 1136, 0, 0
1712, 2, 894, 972, 727, 1, 30.86%, 0, 0, 6, 33.13, 69758, 1136, 0, 0
1717, 2, 894, 973, 728, 1, 30.86%, 0, 0, 6, 32.62, 69920, 1136, 0, 0
1722, 2, 894, 974, 729, 1, 30.86%, 0, 0, 6, 33.42, 70092, 1136, 0, 0
1727, 2, 894, 976, 731, 1, 30.86%, 0, 0, 6, 32.34, 70245, 1136, 0, 0
1732, 2, 894, 977, 732, 1, 30.86%, 0, 0, 6, 34.57, 70413, 1136, 0, 0
1737, 2, 894, 977, 732, 1, 30.86%, 0, 0, 6, 34.24, 70589, 1136, 0, 0
1743, 2, 894, 978, 733, 1, 30.86%, 0, 0, 6, 34.69, 70759, 1136, 0, 0
1748, 2, 894, 978, 733, 1, 30.86%, 0, 0, 6, 34.01, 70934, 1136, 0, 0
1753, 2, 894, 978, 733, 1, 30.86%, 0, 0, 6, 34.94, 71115, 1136, 0, 0
1758, 2, 894, 978, 733, 1, 30.86%, 0, 0, 6, 35.21, 71294, 1136, 0, 0
1763, 2, 894, 978, 733, 1, 30.86%, 0, 0, 6, 31.81, 71448, 1136, 0, 0
1768, 2, 894, 979, 734, 1, 30.86%, 0, 0, 6, 33.52, 71617, 1136, 0, 0
1773, 2, 894, 980, 735, 1, 30.86%, 0, 0, 6, 33.95, 71790, 1136, 0, 0
1778, 2, 894, 981, 736, 1, 30.86%, 0, 0, 6, 32.69, 71951, 1136, 0, 0
1783, 2, 894, 981, 736, 1, 30.86%, 0, 0, 6, 32.83, 72118, 1136, 0, 0
1788, 2, 894, 981, 736, 1, 30.86%, 0, 0, 6, 33.19, 72283, 1136, 0, 0
1793, 2, 894, 982, 737, 1, 30.86%, 0, 0, 6, 34.05, 72439, 1136, 0, 0
1798, 2, 894, 983, 738, 1, 30.86%, 0, 0, 6, 32.93, 72591, 1136, 0, 0
1803, 2, 894, 983, 738, 1, 30.86%, 0, 0, 6, 32.86, 72763, 1136, 0, 0
1808, 2, 894, 983, 738, 1, 30.86%, 0, 0, 6, 33.86, 72930, 1136, 0, 0
1813, 2, 894, 983, 738, 1, 30.86%, 0, 0, 6, 34.91, 73103, 1136, 0, 0
1818, 2, 906, 983, 737, 49, 30.86%, 0, 0, 6, 29.31, 73230, 1136, 0, 0
1824, 2, 906, 983, 737, 49, 30.86%, 0, 0, 6, 17.13, 73301, 1136, 0, 0
1829, 2, 906, 984, 738, 49, 30.86%, 0, 0, 6, 15.79, 73378, 1136, 0, 0
1834, 2, 906, 984, 738, 49, 30.86%, 0, 0, 6, 18.39, 73476, 1136, 0, 0
1839, 2, 906, 984, 738, 49, 30.86%, 0, 0, 6, 19.44, 73576, 1136, 0, 0
1845, 2, 907, 984, 737, 48, 30.86%, 0, 0, 6, 19.57, 73703, 1136, 0, 0
1850, 2, 907, 985, 738, 48, 30.86%, 0, 0, 6, 26.34, 73849, 1136, 0, 0
1855, 2, 907, 985, 738, 48, 30.86%, 0, 0, 6, 27.83, 73993, 1136, 0, 0
1861, 2, 907, 985, 738, 48, 30.86%, 0, 0, 6, 29.69, 74147, 1136, 0, 0
1866, 2, 907, 985, 738, 48, 30.86%, 0, 0, 6, 49.18, 74376, 1136, 0, 0
1871, 2, 907, 986, 739, 48, 30.86%, 0, 0, 6, 45.84, 74637, 1136, 0, 0
1876, 2, 907, 986, 739, 48, 30.86%, 0, 0, 6, 31.92, 74781, 1136, 0, 0
1881, 2, 907, 989, 742, 48, 30.86%, 0, 0, 6, 30.03, 74920, 1136, 0, 0
1886, 2, 907, 989, 742, 48, 30.86%, 0, 0, 6, 28.41, 75068, 1136, 0, 0
1891, 2, 907, 991, 744, 48, 30.86%, 0, 0, 6, 28.63, 75207, 1136, 0, 0
1896, 2, 907, 991, 744, 48, 30.86%, 0, 0, 6, 28.37, 75354, 1136, 0, 0
1902, 2, 907, 991, 744, 48, 30.86%, 0, 0, 6, 28.54, 75502, 1136, 0, 0
1907, 2, 907, 991, 744, 48, 30.86%, 0, 0, 6, 29.02, 75646, 1136, 0, 0
1912, 2, 907, 992, 745, 48, 30.86%, 0, 0, 6, 28.23, 75789, 1136, 0, 0
1917, 2, 907, 992, 745, 48, 30.86%, 0, 0, 6, 29.16, 75945, 1136, 0, 0
1922, 2, 907, 994, 747, 48, 30.86%, 0, 0, 6, 28.85, 76086, 1136, 0, 0
1927, 2, 907, 994, 747, 48, 30.86%, 0, 0, 6, 29.61, 76237, 1136, 0, 0
1932, 2, 907, 994, 747, 48, 30.86%, 0, 0, 6, 29.30, 76384, 1136, 0, 0
1937, 2, 907, 995, 748, 48, 30.86%, 0, 0, 6, 30.36, 76533, 1136, 0, 0
1942, 2, 907, 995, 748, 48, 30.86%, 0, 0, 6, 29.74, 76676, 1136, 0, 0
1947, 2, 907, 995, 748, 48, 30.86%, 0, 0, 6, 29.53, 76823, 1136, 0, 0
1953, 2, 907, 997, 750, 48, 30.86%, 0, 0, 6, 29.25, 76982, 1136, 0, 0
1958, 2, 907, 997, 750, 48, 30.86%, 0, 0, 6, 28.49, 77126, 1136, 0, 0
1963, 2, 907, 997, 750, 48, 30.86%, 0, 0, 6, 29.91, 77279, 1136, 0, 0
1968, 2, 907, 997, 750, 48, 30.86%, 0, 0, 6, 29.79, 77427, 1136, 0, 0
1973, 2, 907, 997, 750, 48, 30.86%, 0, 0, 6, 29.52, 77576, 1136, 0, 0
1978, 2, 907, 997, 750, 48, 30.86%, 0, 0, 6, 28.86, 77722, 1136, 0, 0
1983, 2, 907, 997, 750, 48, 30.86%, 0, 0, 6, 26.87, 77855, 1136, 0, 0
1988, 2, 907, 997, 750, 48, 30.86%, 0, 0, 6, 25.82, 77983, 1136, 0, 0
1993, 2, 907, 997, 750, 48, 30.86%, 0, 0, 6, 28.10, 78124, 1136, 0, 0
1998, 2, 907, 997, 750, 48, 30.86%, 0, 0, 6, 27.68, 78264, 1136, 0, 0
2003, 2, 907, 997, 750, 48, 30.86%, 0, 0, 6, 29.73, 78419, 1136, 0, 0
2008, 2, 907, 997, 750, 48, 30.86%, 0, 0, 6, 30.39, 78572, 1136, 0, 0
2013, 2, 907, 997, 750, 48, 30.86%, 0, 0, 6, 31.61, 78734, 1136, 0, 0
2018, 2, 907, 997, 750, 48, 30.86%, 0, 0, 6, 29.19, 78880, 1136, 0, 0
2024, 2, 907, 997, 750, 48, 30.86%, 0, 0, 6, 28.93, 79026, 1136, 0, 0
2029, 2, 907, 997, 750, 48, 30.86%, 0, 0, 6, 28.93, 79174, 1136, 0, 0
2034, 2, 907, 998, 751, 48, 30.86%, 0, 0, 6, 29.04, 79326, 1136, 0, 0
2039, 2, 907, 998, 751, 48, 30.86%, 0, 0, 6, 30.20, 79479, 1136, 0, 0
2044, 2, 907, 998, 751, 48, 30.86%, 0, 0, 6, 30.96, 79637, 1136, 0, 0
2049, 2, 907, 998, 751, 48, 30.86%, 0, 0, 6, 29.98, 79790, 1136, 0, 0
2054, 2, 907, 998, 751, 48, 30.86%, 0, 0, 6, 30.69, 79949, 1136, 0, 0
2059, 2, 907, 998, 751, 48, 30.86%, 0, 0, 6, 30.47, 80101, 1136, 0, 0
2064, 2, 907, 998, 751, 48, 30.86%, 0, 0, 6, 31.00, 80261, 1136, 0, 0
2070, 2, 907, 999, 752, 48, 30.86%, 0, 0, 6, 28.23, 80401, 1136, 0, 0
2075, 2, 907, 1000, 753, 48, 30.86%, 0, 0, 6, 29.81, 80561, 1136, 0, 0
2080, 2, 907, 1002, 755, 48, 30.89%, 0, 0, 6, 29.59, 80707, 1137, 0, 0
2085, 2, 907, 1007, 760, 48, 30.89%, 0, 0, 6, 29.29, 80860, 1137, 0, 0
2090, 2, 907, 1009, 762, 48, 30.94%, 0, 0, 6, 29.60, 81003, 1139, 0, 0
2096, 2, 907, 1009, 762, 48, 30.94%, 0, 0, 6, 29.15, 81154, 1139, 0, 0
2101, 2, 907, 1009, 762, 48, 30.94%, 0, 0, 6, 29.03, 81303, 1139, 0, 0
2104, 2, 908, 1010, 763, 48, 30.94%, 0, 0, 6, 29.86, 81414, 1139, 0, 0
2104, 2, 908, 1010, 763, 48, 30.94%, 0, 0, 6, 0.00, 81414, 1139, 0, 0
2104, 2, 908, 1010, 763, 48, 30.94%, 0, 0, 6, 0.00, 81414, 1139, 0, 0
2104, 2, 908, 1010, 763, 48, 30.94%, 0, 0, 6, 0.00, 81414, 1139, 0, 0
