# relative_time, cycles_done, cur_item, corpus_count, pending_total, pending_favs, map_size, saved_crashes, saved_hangs, max_depth, execs_per_sec, total_execs, edges_found, total_crashes, servers_count
61, 0, 3, 255, 192, 40, 20.91%, 0, 0, 2, 38.27, 3945, 631, 0, 0
66, 0, 3, 256, 193, 40, 20.95%, 0, 0, 2, 38.18, 4129, 632, 0, 0
71, 0, 3, 258, 195, 40, 20.95%, 0, 0, 2, 38.79, 4331, 632, 0, 0
77, 0, 3, 258, 195, 40, 20.95%, 0, 0, 2, 40.66, 4546, 632, 0, 0
82, 0, 3, 258, 195, 40, 20.95%, 0, 0, 2, 41.32, 4745, 632, 0, 0
87, 0, 3, 261, 198, 40, 20.95%, 0, 0, 2, 36.18, 4907, 632, 0, 0
92, 0, 3, 262, 199, 40, 20.95%, 0, 0, 2, 37.67, 5102, 632, 0, 0
97, 0, 3, 262, 199, 40, 20.95%, 0, 0, 2, 40.51, 5312, 632, 0, 0
102, 0, 3, 264, 201, 40, 20.95%, 0, 0, 2, 38.63, 5496, 632, 0, 0
107, 0, 3, 265, 202, 40, 20.95%, 0, 0, 2, 39.94, 5689, 632, 0, 0
112, 0, 3, 266, 203, 40, 20.95%, 0, 0, 2, 39.32, 5887, 632, 0, 0
117, 0, 3, 267, 204, 40, 20.95%, 0, 0, 2, 38.72, 6084, 632, 0, 0
122, 0, 3, 269, 206, 40, 20.95%, 0, 0, 2, 38.36, 6280, 632, 0, 0
128, 0, 3, 271, 208, 40, 20.95%, 0, 0, 2, 38.47, 6478, 632, 0, 0
133, 0, 3, 272, 209, 40, 20.95%, 0, 0, 2, 41.52, 6687, 632, 0, 0
138, 0, 3, 272, 209, 40, 20.95%, 0, 0, 2, 38.99, 6889, 632, 0, 0
143, 0, 3, 273, 210, 40, 20.98%, 0, 0, 2, 38.92, 7082, 633, 0, 0
148, 0, 3, 274, 211, 40, 20.98%, 0, 0, 2, 35.76, 7256, 633, 0, 0
153, 0, 3, 275, 212, 40, 20.98%, 0, 0, 2, 37.88, 7454, 633, 0, 0
158, 0, 3, 275, 212, 40, 20.98%, 0, 0, 2, 38.63, 7649, 633, 0, 0
163, 0, 3, 275, 212, 40, 20.98%, 0, 0, 2, 41.54, 7866, 633, 0, 0
168, 0, 3, 275, 212, 40, 20.98%, 0, 0, 2, 37.95, 8053, 633, 0, 0
173, 0, 3, 276, 213, 40, 20.98%, 0, 0, 2, 37.62, 8247, 633, 0, 0
178, 0, 3, 276, 213, 40, 20.98%, 0, 0, 2, 38.92, 8442, 633, 0, 0
184, 0, 3, 276, 213, 40, 20.98%, 0, 0, 2, 37.17, 8629, 633, 0, 0
189, 0, 3, 276, 213, 40, 20.98%, 0, 0, 2, 40.60, 8834, 633, 0, 0
194, 0, 3, 276, 213, 40, 20.98%, 0, 0, 2, 38.82, 9026, 633, 0, 0
199, 0, 6, 277, 214, 49, 20.98%, 0, 0, 2, 35.98, 9206, 633, 0, 0
204, 0, 6, 282, 219, 49, 21.18%, 0, 0, 2, 37.20, 9399, 639, 0, 0
209, 0, 6, 282, 219, 49, 21.18%, 0, 0, 2, 38.75, 9599, 639, 0, 0
214, 0, 6, 283, 220, 49, 21.18%, 0, 0, 2, 36.92, 9787, 639, 0, 0
219, 0, 6, 283, 220, 49, 21.18%, 0, 0, 2, 35.05, 9957, 639, 0, 0
225, 0, 6, 284, 221, 49, 21.18%, 0, 0, 2, 35.27, 10136, 639, 0, 0
230, 0, 6, 285, 222, 49, 21.18%, 0, 0, 2, 34.29, 10318, 639, 0, 0
235, 0, 6, 286, 223, 49, 21.18%, 0, 0, 2, 35.99, 10512, 639, 0, 0
240, 0, 6, 286, 223, 49, 21.18%, 0, 0, 2, 37.11, 10712, 639, 0, 0
245, 0, 6, 287, 224, 49, 21.18%, 0, 0, 2, 35.71, 10896, 639, 0, 0
250, 0, 6, 287, 224, 49, 21.18%, 0, 0, 2, 35.47, 11076, 639, 0, 0
255, 0, 6, 289, 226, 49, 21.21%, 0, 0, 2, 36.61, 11264, 640, 0, 0
261, 0, 6, 290, 227, 49, 21.28%, 0, 0, 2, 36.84, 11453, 642, 0, 0
266, 0, 6, 291, 228, 49, 21.28%, 0, 0, 2, 37.84, 11648, 642, 0, 0
271, 0, 6, 292, 229, 49, 21.31%, 0, 0, 2, 36.40, 11828, 643, 0, 0
276, 0, 6, 292, 229, 49, 21.31%, 0, 0, 2, 39.04, 12030, 643, 0, 0
281, 0, 6, 293, 230, 49, 21.31%, 0, 0, 2, 36.37, 12211, 643, 0, 0
286, 0, 6, 293, 230, 49, 21.31%, 0, 0, 2, 40.05, 12426, 643, 0, 0
291, 0, 6, 293, 230, 49, 21.31%, 0, 0, 2, 37.67, 12609, 643, 0, 0
296, 0, 6, 295, 232, 49, 21.31%, 0, 0, 2, 37.67, 12800, 643, 0, 0
301, 0, 6, 295, 232, 49, 21.31%, 0, 0, 2, 36.11, 12978, 643, 0, 0
306, 0, 6, 296, 233, 49, 21.31%, 0, 0, 2, 38.01, 13172, 643, 0, 0
311, 0, 6, 296, 233, 49, 21.31%, 0, 0, 2, 35.64, 13349, 643, 0, 0
317, 0, 6, 298, 235, 49, 21.35%, 0, 0, 2, 37.40, 13542, 644, 0, 0
322, 0, 6, 298, 235, 49, 21.35%, 0, 0, 2, 38.04, 13735, 644, 0, 0
327, 0, 6, 299, 236, 49, 21.35%, 0, 0, 2, 36.61, 13914, 644, 0, 0
332, 0, 6, 300, 237, 49, 21.35%, 0, 0, 2, 37.28, 14102, 644, 0, 0
337, 0, 6, 300, 237, 49, 21.35%, 0, 0, 2, 36.96, 14290, 644, 0, 0
342, 0, 6, 301, 238, 49, 21.35%, 0, 0, 2, 37.00, 14473, 644, 0, 0
347, 0, 6, 301, 238, 49, 21.35%, 0, 0, 2, 37.08, 14655, 644, 0, 0
352, 0, 6, 302, 239, 49, 21.38%, 0, 0, 2, 37.83, 14846, 645, 0, 0
357, 0, 6, 303, 240, 49, 21.38%, 0, 0, 2, 36.95, 15035, 645, 0, 0
363, 0, 6, 303, 240, 49, 21.38%, 0, 0, 2, 37.85, 15232, 645, 0, 0
368, 0, 6, 306, 243, 49, 21.38%, 0, 0, 2, 36.27, 15415, 645, 0, 0
373, 0, 6, 306, 243, 49, 21.38%, 0, 0, 2, 36.20, 15591, 645, 0, 0
378, 0, 6, 307, 244, 49, 21.38%, 0, 0, 2, 36.50, 15780, 645, 0, 0
383, 0, 8, 307, 244, 57, 21.38%, 0, 0, 2, 35.41, 15959, 645, 0, 0
388, 0, 8, 308, 245, 57, 21.38%, 0, 0, 2, 36.09, 16144, 645, 0, 0
393, 0, 8, 308, 245, 57, 21.38%, 0, 0, 2, 36.64, 16322, 645, 0, 0
398, 0, 8, 308, 245, 57, 21.38%, 0, 0, 2, 37.84, 16522, 645, 0, 0
404, 0, 8, 308, 245, 57, 21.38%, 0, 0, 2, 35.41, 16700, 645, 0, 0
409, 0, 8, 310, 247, 57, 21.38%, 0, 0, 2, 34.00, 16868, 645, 0, 0
414, 0, 8, 311, 248, 57, 21.38%, 0, 0, 2, 34.79, 17046, 645, 0, 0
419, 0, 8, 312, 249, 57, 21.38%, 0, 0, 2, 33.60, 17215, 645, 0, 0
424, 0, 8, 312, 249, 57, 21.38%, 0, 0, 2, 34.43, 17398, 645, 0, 0
429, 0, 8, 312, 249, 57, 21.38%, 0, 0, 2, 36.12, 17585, 645, 0, 0
434, 0, 8, 313, 250, 57, 21.38%, 0, 0, 2, 33.90, 17745, 645, 0, 0
439, 0, 8, 313, 250, 57, 21.38%, 0, 0, 2, 35.41, 17920, 645, 0, 0
444, 0, 8, 313, 250, 57, 21.38%, 0, 0, 2, 37.68, 18116, 645, 0, 0
450, 0, 8, 313, 250, 57, 21.38%, 0, 0, 2, 37.35, 18310, 645, 0, 0
455, 0, 8, 313, 250, 57, 21.38%, 0, 0, 2, 36.12, 18498, 645, 0, 0
460, 0, 8, 314, 251, 57, 21.38%, 0, 0, 2, 37.15, 18686, 645, 0, 0
465, 0, 8, 314, 251, 57, 21.38%, 0, 0, 2, 36.86, 18874, 645, 0, 0
470, 0, 8, 315, 252, 57, 21.38%, 0, 0, 2, 37.03, 19061, 645, 0, 0
475, 0, 8, 315, 252, 57, 21.38%, 0, 0, 2, 37.38, 19247, 645, 0, 0
480, 0, 8, 315, 252, 57, 21.38%, 0, 0, 2, 35.92, 19430, 645, 0, 0
485, 0, 8, 316, 253, 57, 21.38%, 0, 0, 2, 35.14, 19604, 645, 0, 0
491, 0, 8, 316, 253, 57, 21.38%, 0, 0, 2, 33.25, 19771, 645, 0, 0
496, 0, 8, 316, 253, 57, 21.38%, 0, 0, 2, 34.97, 19948, 645, 0, 0
501, 0, 8, 316, 253, 57, 21.38%, 0, 0, 2, 35.64, 20136, 645, 0, 0
506, 0, 8, 316, 253, 57, 21.38%, 0, 0, 2, 36.90, 20319, 645, 0, 0
511, 0, 8, 317, 254, 57, 21.38%, 0, 0, 2, 36.21, 20495, 645, 0, 0
516, 0, 8, 317, 254, 57, 21.38%, 0, 0, 2, 35.46, 20669, 645, 0, 0
521, 0, 8, 317, 254, 57, 21.38%, 0, 0, 2, 33.59, 20841, 645, 0, 0
526, 0, 8, 317, 254, 57, 21.38%, 0, 0, 2, 35.37, 21022, 645, 0, 0
528, 0, 9, 317, 254, 57, 21.38%, 0, 0, 2, 37.20, 21114, 645, 0, 0
