# relative_time, cycles_done, cur_item, corpus_count, pending_total, pending_favs, map_size, saved_crashes, saved_hangs, max_depth, execs_per_sec, total_execs, edges_found, total_crashes, servers_count
61, 0, 154, 344, 248, 67, 10.51%, 0, 0, 2, 37.09, 4114, 1529, 0, 0
66, 0, 154, 344, 248, 67, 10.51%, 0, 0, 2, 38.71, 4310, 1529, 0, 0
71, 0, 154, 347, 251, 67, 10.54%, 0, 0, 2, 39.75, 4512, 1533, 0, 0
76, 0, 154, 350, 254, 67, 10.56%, 0, 0, 2, 39.63, 4712, 1536, 0, 0
81, 0, 154, 352, 256, 67, 10.57%, 0, 0, 2, 39.23, 4916, 1537, 0, 0
86, 0, 154, 357, 261, 67, 10.75%, 0, 0, 2, 39.94, 5117, 1564, 0, 0
91, 0, 154, 358, 262, 67, 10.76%, 0, 0, 2, 39.71, 5318, 1565, 0, 0
96, 0, 154, 358, 262, 67, 10.76%, 0, 0, 2, 37.13, 5501, 1565, 0, 0
102, 0, 273, 360, 262, 103, 10.77%, 0, 0, 2, 37.95, 5715, 1566, 0, 0
107, 0, 273, 362, 264, 103, 10.77%, 0, 0, 2, 38.77, 5895, 1566, 0, 0
112, 0, 273, 363, 265, 103, 10.77%, 0, 0, 2, 40.56, 6105, 1567, 0, 0
117, 0, 273, 366, 268, 103, 10.79%, 0, 0, 2, 41.71, 6317, 1570, 0, 0
122, 0, 273, 368, 270, 103, 10.80%, 0, 0, 2, 41.35, 6523, 1571, 0, 0
127, 0, 273, 369, 271, 103, 10.81%, 0, 0, 2, 41.27, 6737, 1572, 0, 0
132, 0, 273, 372, 274, 103, 10.82%, 0, 0, 2, 41.50, 6952, 1574, 0, 0
138, 0, 273, 372, 274, 103, 10.82%, 0, 0, 2, 40.93, 7156, 1574, 0, 0
143, 0, 273, 373, 275, 103, 10.83%, 0, 0, 2, 40.80, 7367, 1575, 0, 0
148, 0, 273, 373, 275, 103, 10.83%, 0, 0, 2, 41.01, 7576, 1575, 0, 0
153, 0, 273, 375, 277, 103, 10.83%, 0, 0, 2, 41.20, 7785, 1575, 0, 0
158, 0, 273, 376, 278, 103, 10.83%, 0, 0, 2, 41.12, 7995, 1575, 0, 0
163, 0, 273, 378, 280, 103, 10.86%, 0, 0, 2, 41.87, 8211, 1579, 0, 0
168, 0, 273, 378, 280, 103, 10.86%, 0, 0, 2, 42.10, 8424, 1579, 0, 0
173, 0, 156, 383, 284, 112, 10.89%, 0, 0, 2, 41.07, 8630, 1584, 0, 0
178, 0, 156, 387, 288, 112, 10.97%, 0, 0, 2, 38.43, 8811, 1595, 0, 0
184, 0, 156, 389, 290, 112, 10.99%, 0, 0, 2, 38.34, 9014, 1599, 0, 0
189, 0, 156, 391, 292, 112, 10.99%, 0, 0, 2, 38.27, 9215, 1599, 0, 0
194, 0, 156, 394, 295, 112, 11.03%, 0, 0, 2, 39.56, 9421, 1604, 0, 0
199, 0, 156, 398, 299, 112, 11.10%, 0, 0, 2, 40.08, 9631, 1614, 0, 0
204, 0, 156, 400, 301, 112, 11.12%, 0, 0, 2, 40.13, 9813, 1617, 0, 0
209, 0, 156, 403, 304, 112, 11.12%, 0, 0, 2, 38.98, 10001, 1618, 0, 0
214, 0, 156, 406, 307, 112, 11.16%, 0, 0, 2, 37.31, 10177, 1623, 0, 0
220, 0, 156, 408, 309, 112, 12.19%, 0, 0, 2, 38.30, 10372, 1773, 0, 0
225, 0, 156, 409, 310, 112, 12.20%, 0, 0, 2, 37.24, 10553, 1775, 0, 0
230, 0, 156, 409, 310, 112, 12.20%, 0, 0, 2, 37.80, 10741, 1775, 0, 0
235, 0, 156, 409, 310, 112, 12.20%, 0, 0, 2, 38.20, 10935, 1775, 0, 0
240, 0, 156, 412, 313, 112, 12.30%, 0, 0, 2, 38.17, 11132, 1789, 0, 0
245, 0, 156, 412, 313, 112, 12.30%, 0, 0, 2, 37.94, 11319, 1789, 0, 0
250, 0, 158, 417, 317, 130, 12.34%, 0, 0, 2, 39.04, 11521, 1795, 0, 0
255, 0, 158, 419, 319, 130, 12.35%, 0, 0, 2, 41.85, 11737, 1797, 0, 0
260, 0, 158, 424, 324, 130, 12.44%, 0, 0, 2, 39.45, 11945, 1810, 0, 0
265, 0, 158, 424, 324, 130, 12.44%, 0, 0, 2, 39.41, 12115, 1810, 0, 0
270, 0, 158, 427, 327, 130, 12.46%, 0, 0, 2, 38.43, 12297, 1812, 0, 0
276, 0, 158, 430, 330, 130, 12.50%, 0, 0, 2, 37.66, 12485, 1818, 0, 0
281, 0, 158, 432, 332, 130, 12.53%, 0, 0, 2, 37.29, 12673, 1823, 0, 0
286, 0, 158, 436, 336, 130, 12.57%, 0, 0, 2, 38.03, 12867, 1829, 0, 0
291, 0, 158, 439, 339, 130, 12.61%, 0, 0, 2, 36.71, 13062, 1834, 0, 0
296, 0, 158, 442, 342, 130, 12.64%, 0, 0, 2, 36.62, 13244, 1839, 0, 0
302, 0, 158, 444, 344, 130, 12.66%, 0, 0, 2, 36.28, 13429, 1842, 0, 0
307, 0, 158, 447, 347, 130, 12.68%, 0, 0, 2, 38.44, 13627, 1845, 0, 0
312, 0, 158, 450, 350, 130, 12.73%, 0, 0, 2, 38.89, 13823, 1851, 0, 0
317, 0, 158, 451, 351, 130, 12.73%, 0, 0, 2, 38.24, 14019, 1852, 0, 0
322, 0, 158, 451, 351, 130, 12.73%, 0, 0, 2, 36.47, 14201, 1852, 0, 0
327, 0, 158, 451, 351, 130, 12.73%, 0, 0, 2, 37.34, 14386, 1852, 0, 0
332, 0, 158, 451, 351, 130, 12.73%, 0, 0, 2, 37.06, 14577, 1852, 0, 0
337, 0, 158, 452, 352, 130, 12.75%, 0, 0, 2, 37.86, 14767, 1855, 0, 0
342, 0, 158, 454, 354, 130, 12.79%, 0, 0, 2, 39.36, 14969, 1861, 0, 0
348, 0, 158, 456, 356, 130, 12.81%, 0, 0, 2, 38.01, 15162, 1863, 0, 0
353, 0, 158, 458, 358, 130, 12.82%, 0, 0, 2, 38.57, 15356, 1864, 0, 0
358, 0, 158, 460, 360, 130, 12.84%, 0, 0, 2, 39.10, 15559, 1867, 0, 0
363, 0, 158, 461, 361, 130, 12.84%, 0, 0, 2, 38.29, 15754, 1868, 0, 0
368, 0, 158, 462, 362, 130, 12.85%, 0, 0, 2, 38.34, 15946, 1869, 0, 0
373, 0, 158, 465, 365, 130, 12.92%, 0, 0, 2, 37.31, 16126, 1879, 0, 0
378, 0, 158, 468, 368, 130, 12.93%, 0, 0, 2, 38.93, 16326, 1881, 0, 0
383, 0, 158, 470, 370, 130, 12.95%, 0, 0, 2, 38.58, 16524, 1883, 0, 0
388, 0, 158, 471, 371, 130, 12.95%, 0, 0, 2, 32.65, 16707, 1884, 0, 0
393, 0, 158, 471, 371, 130, 12.95%, 0, 0, 2, 36.60, 16902, 1884, 0, 0
398, 0, 158, 471, 371, 130, 12.95%, 0, 0, 2, 36.25, 17078, 1884, 0, 0
404, 0, 158, 472, 372, 130, 12.97%, 0, 0, 2, 37.63, 17272, 1886, 0, 0
409, 0, 158, 472, 372, 130, 12.97%, 0, 0, 2, 37.48, 17464, 1886, 0, 0
414, 0, 158, 472, 372, 130, 12.97%, 0, 0, 2, 37.48, 17654, 1886, 0, 0
419, 0, 158, 472, 372, 130, 12.97%, 0, 0, 2, 37.84, 17847, 1886, 0, 0
424, 0, 158, 473, 373, 130, 12.97%, 0, 0, 2, 38.49, 18045, 1886, 0, 0
429, 0, 158, 475, 375, 130, 12.98%, 0, 0, 2, 38.35, 18239, 1888, 0, 0
434, 0, 158, 475, 375, 130, 12.98%, 0, 0, 2, 38.80, 18440, 1888, 0, 0
439, 0, 158, 475, 375, 130, 12.98%, 0, 0, 2, 38.54, 18618, 1888, 0, 0
444, 0, 158, 475, 375, 130, 12.98%, 0, 0, 2, 37.58, 18809, 1888, 0, 0
449, 0, 158, 477, 377, 130, 12.99%, 0, 0, 2, 37.91, 19005, 1890, 0, 0
455, 0, 158, 477, 377, 130, 12.99%, 0, 0, 2, 37.70, 19197, 1890, 0, 0
460, 0, 158, 478, 378, 130, 13.00%, 0, 0, 2, 36.78, 19375, 1891, 0, 0
465, 0, 158, 478, 378, 130, 13.00%, 0, 0, 2, 37.96, 19573, 1891, 0, 0
470, 0, 158, 478, 378, 130, 13.00%, 0, 0, 2, 37.53, 19761, 1891, 0, 0
475, 0, 158, 478, 378, 130, 13.00%, 0, 0, 2, 37.94, 19955, 1891, 0, 0
480, 0, 158, 478, 378, 130, 13.00%, 0, 0, 2, 36.97, 20144, 1891, 0, 0
485, 0, 158, 478, 378, 130, 13.00%, 0, 0, 2, 35.81, 20316, 1891, 0, 0
490, 0, 158, 479, 379, 130, 13.03%, 0, 0, 2, 36.72, 20493, 1895, 0, 0
495, 0, 158, 479, 379, 130, 13.03%, 0, 0, 2, 35.28, 20656, 1895, 0, 0
501, 0, 158, 481, 381, 130, 13.05%, 0, 0, 2, 36.88, 20848, 1898, 0, 0
506, 0, 158, 481, 381, 130, 13.05%, 0, 0, 2, 36.43, 21032, 1898, 0, 0
511, 0, 158, 481, 381, 130, 13.05%, 0, 0, 2, 37.73, 21222, 1898, 0, 0
516, 0, 158, 481, 381, 130, 13.05%, 0, 0, 2, 38.08, 21416, 1898, 0, 0
521, 0, 158, 482, 382, 130, 13.06%, 0, 0, 2, 37.89, 21609, 1900, 0, 0
526, 0, 158, 482, 382, 130, 13.06%, 0, 0, 2, 38.22, 21804, 1900, 0, 0
531, 0, 158, 482, 382, 130, 13.06%, 0, 0, 2, 38.30, 22000, 1900, 0, 0
536, 0, 158, 484, 384, 130, 13.08%, 0, 0, 2, 37.45, 22191, 1903, 0, 0
541, 0, 158, 484, 384, 130, 13.08%, 0, 0, 2, 37.99, 22388, 1903, 0, 0
547, 0, 158, 485, 385, 130, 13.08%, 0, 0, 2, 38.49, 22583, 1903, 0, 0
553, 0, 159, 485, 384, 175, 13.08%, 0, 0, 2, 38.70, 22818, 1903, 0, 0
558, 0, 159, 486, 385, 175, 13.10%, 0, 0, 2, 38.69, 23001, 1905, 0, 0
563, 0, 159, 487, 386, 175, 13.10%, 0, 0, 2, 38.68, 23186, 1905, 0, 0
568, 0, 159, 487, 386, 175, 13.10%, 0, 0, 2, 39.90, 23391, 1905, 0, 0
573, 0, 159, 487, 386, 175, 13.10%, 0, 0, 2, 38.93, 23576, 1905, 0, 0
578, 0, 159, 489, 388, 175, 13.11%, 0, 0, 2, 40.09, 23779, 1907, 0, 0
583, 0, 159, 490, 389, 175, 13.12%, 0, 0, 2, 40.19, 23987, 1908, 0, 0
588, 0, 159, 491, 390, 175, 13.14%, 0, 0, 2, 39.42, 24184, 1911, 0, 0
593, 0, 159, 492, 391, 175, 13.14%, 0, 0, 2, 39.68, 24389, 1911, 0, 0
598, 0, 159, 493, 392, 175, 13.15%, 0, 0, 2, 39.94, 24596, 1912, 0, 0
603, 0, 159, 493, 392, 175, 13.15%, 0, 0, 2, 39.44, 24797, 1912, 0, 0
609, 0, 159, 493, 392, 175, 13.15%, 0, 0, 2, 39.11, 24995, 1912, 0, 0
614, 0, 159, 493, 392, 175, 13.15%, 0, 0, 2, 40.27, 25205, 1912, 0, 0
619, 0, 159, 493, 392, 175, 13.15%, 0, 0, 2, 39.72, 25406, 1912, 0, 0
624, 0, 161, 493, 391, 175, 13.15%, 0, 0, 2, 39.04, 25593, 1912, 0, 0
629, 0, 161, 495, 393, 175, 13.17%, 0, 0, 2, 38.58, 25795, 1915, 0, 0
634, 0, 161, 498, 396, 175, 13.21%, 0, 0, 2, 38.39, 25991, 1922, 0, 0
639, 0, 161, 499, 397, 175, 13.21%, 0, 0, 2, 37.65, 26178, 1922, 0, 0
644, 0, 161, 500, 398, 175, 13.21%, 0, 0, 2, 38.87, 26375, 1922, 0, 0
649, 0, 161, 500, 398, 175, 13.21%, 0, 0, 2, 38.60, 26565, 1922, 0, 0
655, 0, 161, 501, 399, 175, 13.23%, 0, 0, 2, 38.21, 26748, 1924, 0, 0
660, 0, 161, 502, 400, 175, 13.23%, 0, 0, 2, 39.25, 26950, 1924, 0, 0
665, 0, 161, 502, 400, 175, 13.23%, 0, 0, 2, 38.61, 27149, 1924, 0, 0
670, 0, 161, 503, 401, 175, 13.34%, 0, 0, 2, 38.14, 27344, 1941, 0, 0
675, 0, 161, 505, 403, 175, 13.35%, 0, 0, 2, 39.17, 27547, 1942, 0, 0
680, 0, 161, 506, 404, 175, 13.37%, 0, 0, 2, 37.99, 27732, 1944, 0, 0
685, 0, 161, 510, 408, 175, 13.41%, 0, 0, 2, 38.69, 27932, 1951, 0, 0
691, 0, 161, 511, 409, 175, 13.42%, 0, 0, 2, 37.34, 28110, 1952, 0, 0
696, 0, 162, 511, 408, 185, 13.42%, 0, 0, 2, 37.80, 28294, 1952, 0, 0
701, 0, 162, 514, 411, 185, 13.47%, 0, 0, 2, 37.75, 28480, 1959, 0, 0
706, 0, 162, 515, 412, 185, 13.48%, 0, 0, 2, 37.23, 28664, 1960, 0, 0
711, 0, 162, 516, 413, 185, 13.48%, 0, 0, 2, 37.80, 28851, 1961, 0, 0
716, 0, 162, 516, 413, 185, 13.48%, 0, 0, 2, 37.58, 29045, 1961, 0, 0
721, 0, 162, 517, 414, 185, 13.50%, 0, 0, 2, 38.34, 29245, 1963, 0, 0
726, 0, 162, 518, 415, 185, 13.50%, 0, 0, 2, 38.74, 29439, 1964, 0, 0
732, 0, 162, 518, 415, 185, 13.50%, 0, 0, 2, 7.74, 29631, 1964, 0, 0
737, 0, 162, 519, 416, 185, 13.52%, 0, 0, 2, 39.24, 29833, 1967, 0, 0
742, 0, 162, 519, 416, 185, 13.52%, 0, 0, 2, 38.35, 30029, 1967, 0, 0
747, 0, 162, 519, 416, 185, 13.52%, 0, 0, 2, 38.31, 30223, 1967, 0, 0
752, 0, 162, 519, 416, 185, 13.52%, 0, 0, 2, 38.13, 30418, 1967, 0, 0
757, 0, 162, 519, 416, 185, 13.52%, 0, 0, 2, 39.09, 30618, 1967, 0, 0
762, 0, 162, 520, 417, 185, 13.53%, 0, 0, 2, 38.15, 30802, 1968, 0, 0
768, 0, 163, 523, 419, 192, 13.54%, 0, 0, 2, 36.80, 31001, 1969, 0, 0
773, 0, 163, 526, 422, 192, 13.55%, 0, 0, 2, 39.25, 31197, 1971, 0, 0
778, 0, 163, 529, 425, 192, 13.57%, 0, 0, 2, 40.93, 31389, 1974, 0, 0
783, 0, 163, 531, 427, 192, 13.57%, 0, 0, 2, 40.44, 31577, 1974, 0, 0
788, 0, 163, 532, 428, 192, 13.57%, 0, 0, 2, 39.26, 31770, 1974, 0, 0
793, 0, 163, 532, 428, 192, 13.57%, 0, 0, 2, 39.76, 31976, 1974, 0, 0
798, 0, 163, 533, 429, 192, 13.58%, 0, 0, 2, 39.30, 32167, 1975, 0, 0
803, 0, 163, 533, 429, 192, 13.58%, 0, 0, 2, 39.42, 32371, 1975, 0, 0
809, 0, 163, 533, 429, 192, 13.58%, 0, 0, 2, 39.75, 32576, 1975, 0, 0
814, 0, 163, 533, 429, 192, 13.58%, 0, 0, 2, 40.30, 32782, 1975, 0, 0
819, 0, 163, 533, 429, 192, 13.58%, 0, 0, 2, 39.79, 32987, 1975, 0, 0
824, 0, 163, 535, 431, 192, 13.62%, 0, 0, 2, 39.32, 33186, 1981, 0, 0
829, 0, 163, 535, 431, 192, 13.62%, 0, 0, 2, 39.61, 33387, 1981, 0, 0
834, 0, 163, 535, 431, 192, 13.62%, 0, 0, 2, 39.88, 33589, 1981, 0, 0
839, 0, 164, 536, 431, 196, 13.63%, 0, 0, 2, 39.48, 33797, 1982, 0, 0
844, 0, 164, 536, 431, 196, 13.63%, 0, 0, 2, 39.37, 33997, 1982, 0, 0
849, 0, 164, 538, 433, 196, 13.87%, 0, 0, 2, 40.06, 34204, 2018, 0, 0
855, 0, 164, 541, 436, 196, 14.35%, 0, 0, 2, 39.74, 34408, 2087, 0, 0
860, 0, 164, 543, 438, 196, 15.01%, 0, 0, 2, 40.65, 34615, 2183, 0, 0
865, 0, 164, 545, 440, 196, 15.09%, 0, 0, 2, 39.79, 34817, 2195, 0, 0
870, 0, 164, 545, 440, 196, 15.09%, 0, 0, 2, 39.59, 35017, 2195, 0, 0
875, 0, 164, 547, 442, 196, 15.28%, 0, 0, 2, 39.20, 35217, 2223, 0, 0
880, 0, 164, 548, 443, 196, 15.29%, 0, 0, 2, 39.60, 35420, 2224, 0, 0
885, 0, 164, 549, 444, 196, 15.48%, 0, 0, 2, 39.13, 35620, 2251, 0, 0
890, 0, 164, 549, 444, 196, 15.48%, 0, 0, 2, 39.80, 35822, 2251, 0, 0
895, 0, 164, 549, 444, 196, 15.48%, 0, 0, 2, 40.19, 36030, 2251, 0, 0
900, 0, 164, 549, 444, 196, 15.48%, 0, 0, 2, 40.14, 36236, 2251, 0, 0
906, 0, 164, 550, 445, 196, 15.59%, 0, 0, 2, 40.37, 36445, 2267, 0, 0
911, 0, 166, 564, 458, 201, 15.85%, 0, 0, 2, 41.46, 36668, 2306, 0, 0
916, 0, 166, 577, 471, 201, 16.01%, 0, 0, 2, 42.32, 36886, 2328, 0, 0
921, 0, 166, 588, 482, 201, 16.14%, 0, 0, 2, 41.80, 37104, 2347, 0, 0
926, 0, 166, 594, 488, 201, 16.16%, 0, 0, 2, 41.94, 37318, 2351, 0, 0
931, 0, 166, 596, 490, 201, 16.18%, 0, 0, 2, 42.49, 37538, 2353, 0, 0
937, 0, 166, 602, 496, 201, 16.22%, 0, 0, 2, 42.73, 37760, 2359, 0, 0
942, 0, 166, 602, 496, 201, 16.22%, 0, 0, 2, 38.05, 37949, 2359, 0, 0
947, 0, 166, 602, 496, 201, 16.22%, 0, 0, 2, 35.58, 38124, 2359, 0, 0
952, 0, 166, 602, 496, 201, 16.22%, 0, 0, 2, 35.20, 38301, 2359, 0, 0
957, 0, 166, 604, 498, 201, 16.22%, 0, 0, 2, 37.19, 38485, 2359, 0, 0
962, 0, 166, 608, 502, 201, 16.24%, 0, 0, 2, 36.61, 38672, 2362, 0, 0
967, 0, 166, 610, 504, 201, 16.24%, 0, 0, 2, 38.42, 38874, 2362, 0, 0
972, 0, 166, 610, 504, 201, 16.24%, 0, 0, 2, 42.32, 39055, 2362, 0, 0
977, 0, 166, 613, 507, 201, 16.25%, 0, 0, 2, 40.08, 39256, 2363, 0, 0
982, 0, 166, 616, 510, 201, 16.25%, 0, 0, 2, 39.99, 39459, 2364, 0, 0
987, 0, 166, 618, 512, 201, 16.27%, 0, 0, 2, 40.12, 39662, 2366, 0, 0
993, 0, 166, 620, 514, 201, 16.27%, 0, 0, 2, 39.93, 39861, 2366, 0, 0
998, 0, 166, 622, 516, 201, 16.33%, 0, 0, 2, 39.04, 40062, 2375, 0, 0
1003, 0, 166, 622, 516, 201, 16.33%, 0, 0, 2, 38.79, 40262, 2375, 0, 0
1008, 0, 166, 623, 517, 201, 16.34%, 0, 0, 2, 38.30, 40454, 2376, 0, 0
1013, 0, 166, 625, 519, 201, 16.34%, 0, 0, 2, 39.37, 40656, 2377, 0, 0
1018, 0, 166, 627, 521, 201, 16.35%, 0, 0, 2, 40.23, 40867, 2378, 0, 0
1023, 0, 166, 628, 522, 201, 16.36%, 0, 0, 2, 40.51, 41077, 2379, 0, 0
1028, 0, 166, 628, 522, 201, 16.36%, 0, 0, 2, 39.91, 41282, 2379, 0, 0
1034, 0, 166, 629, 523, 201, 16.36%, 0, 0, 2, 40.30, 41490, 2379, 0, 0
1039, 0, 166, 630, 524, 201, 16.36%, 0, 0, 2, 38.76, 41687, 2379, 0, 0
1044, 0, 166, 630, 524, 201, 16.36%, 0, 0, 2, 38.84, 41884, 2379, 0, 0
1049, 0, 166, 631, 525, 201, 16.37%, 0, 0, 2, 39.53, 42086, 2381, 0, 0
1054, 0, 166, 631, 525, 201, 16.37%, 0, 0, 2, 39.30, 42284, 2381, 0, 0
1059, 0, 166, 631, 525, 201, 16.37%, 0, 0, 2, 39.98, 42491, 2381, 0, 0
1064, 0, 166, 634, 528, 201, 16.38%, 0, 0, 2, 39.74, 42698, 2383, 0, 0
1069, 0, 166, 634, 528, 201, 16.38%, 0, 0, 2, 39.51, 42899, 2383, 0, 0
1074, 0, 166, 634, 528, 201, 16.38%, 0, 0, 2, 39.66, 43103, 2383, 0, 0
1080, 0, 166, 634, 528, 201, 16.38%, 0, 0, 2, 39.65, 43304, 2383, 0, 0
1085, 0, 166, 634, 528, 201, 16.38%, 0, 0, 2, 39.02, 43501, 2383, 0, 0
1090, 0, 166, 637, 531, 201, 16.38%, 0, 0, 2, 39.61, 43701, 2383, 0, 0
1095, 0, 166, 638, 532, 201, 16.39%, 0, 0, 2, 39.81, 43902, 2384, 0, 0
1100, 0, 166, 638, 532, 201, 16.39%, 0, 0, 2, 39.36, 44105, 2384, 0, 0
1105, 0, 166, 638, 532, 201, 16.39%, 0, 0, 2, 39.37, 44308, 2384, 0, 0
1110, 0, 166, 638, 532, 201, 16.39%, 0, 0, 2, 39.37, 44508, 2384, 0, 0
1115, 0, 166, 640, 534, 201, 16.40%, 0, 0, 2, 39.24, 44709, 2386, 0, 0
1120, 0, 166, 640, 534, 201, 16.40%, 0, 0, 2, 39.22, 44910, 2386, 0, 0
1125, 0, 166, 640, 534, 201, 16.40%, 0, 0, 2, 39.01, 45109, 2386, 0, 0
1131, 0, 166, 642, 536, 201, 16.41%, 0, 0, 2, 39.30, 45308, 2387, 0, 0
1136, 0, 166, 642, 536, 201, 16.41%, 0, 0, 2, 39.35, 45507, 2387, 0, 0
1141, 0, 166, 642, 536, 201, 16.41%, 0, 0, 2, 39.79, 45710, 2387, 0, 0
1145, 0, 166, 642, 536, 201, 16.41%, 0, 0, 2, 48.18, 45921, 2387, 0, 0
