# relative_time, cycles_done, cur_item, corpus_count, pending_total, pending_favs, map_size, saved_crashes, saved_hangs, max_depth, execs_per_sec, total_execs, edges_found, total_crashes, servers_count
61, 0, 7, 650, 241, 78, 23.16%, 0, 0, 2, 47.54, 6658, 758, 0, 0
66, 0, 22, 656, 241, 73, 23.16%, 0, 0, 2, 52.25, 6928, 758, 0, 0
71, 0, 75, 662, 245, 71, 23.16%, 0, 0, 2, 44.54, 7114, 758, 0, 0
76, 0, 75, 669, 252, 71, 23.16%, 0, 0, 2, 38.41, 7298, 758, 0, 0
82, 0, 75, 675, 258, 71, 23.16%, 0, 0, 2, 35.90, 7481, 758, 0, 0
87, 0, 75, 680, 263, 71, 23.16%, 0, 0, 2, 35.59, 7663, 758, 0, 0
92, 0, 75, 682, 265, 71, 23.16%, 0, 0, 2, 36.69, 7853, 758, 0, 0
97, 0, 75, 685, 268, 71, 23.16%, 0, 0, 2, 36.99, 8041, 758, 0, 0
102, 0, 75, 686, 269, 71, 23.16%, 0, 0, 2, 37.12, 8230, 758, 0, 0
107, 0, 75, 686, 269, 71, 23.16%, 0, 0, 2, 38.54, 8430, 758, 0, 0
112, 0, 75, 686, 269, 71, 23.16%, 0, 0, 2, 38.87, 8630, 758, 0, 0
118, 0, 75, 686, 269, 71, 23.16%, 0, 0, 2, 38.95, 8830, 758, 0, 0
123, 0, 75, 686, 269, 71, 23.16%, 0, 0, 2, 38.99, 9030, 758, 0, 0
128, 0, 75, 687, 270, 71, 23.16%, 0, 0, 2, 37.82, 9218, 758, 0, 0
133, 0, 75, 693, 276, 71, 23.28%, 0, 0, 2, 37.00, 9399, 762, 0, 0
138, 0, 75, 697, 280, 71, 23.28%, 0, 0, 2, 37.66, 9594, 762, 0, 0
143, 0, 75, 699, 282, 71, 23.31%, 0, 0, 2, 37.96, 9801, 763, 0, 0
149, 0, 75, 701, 284, 71, 23.31%, 0, 0, 2, 37.49, 9991, 763, 0, 0
154, 0, 75, 702, 285, 71, 23.31%, 0, 0, 2, 37.31, 10180, 763, 0, 0
159, 0, 75, 704, 287, 71, 23.31%, 0, 0, 2, 37.78, 10369, 763, 0, 0
164, 0, 75, 705, 288, 71, 23.31%, 0, 0, 2, 37.46, 10554, 763, 0, 0
169, 0, 75, 708, 291, 71, 23.34%, 0, 0, 2, 37.69, 10753, 764, 0, 0
174, 0, 75, 710, 293, 71, 23.34%, 0, 0, 2, 37.86, 10943, 764, 0, 0
179, 0, 75, 710, 293, 71, 23.34%, 0, 0, 2, 36.37, 11132, 764, 0, 0
184, 0, 75, 710, 293, 71, 23.34%, 0, 0, 2, 37.84, 11326, 764, 0, 0
190, 0, 75, 712, 295, 71, 23.34%, 0, 0, 2, 38.07, 11524, 764, 0, 0
195, 0, 75, 714, 297, 71, 23.34%, 0, 0, 2, 37.30, 11717, 764, 0, 0
200, 0, 75, 715, 298, 71, 23.34%, 0, 0, 2, 38.04, 11912, 764, 0, 0
205, 0, 75, 718, 301, 71, 23.34%, 0, 0, 2, 38.64, 12113, 764, 0, 0
210, 0, 75, 722, 305, 71, 23.34%, 0, 0, 2, 37.62, 12312, 764, 0, 0
216, 0, 75, 724, 307, 71, 23.34%, 0, 0, 2, 37.83, 12505, 764, 0, 0
221, 0, 75, 726, 309, 71, 23.37%, 0, 0, 2, 37.61, 12698, 765, 0, 0
226, 0, 75, 729, 312, 71, 23.37%, 0, 0, 2, 37.74, 12891, 765, 0, 0
231, 0, 75, 731, 314, 71, 23.37%, 0, 0, 2, 37.85, 13087, 765, 0, 0
236, 0, 75, 731, 314, 71, 23.37%, 0, 0, 2, 37.63, 13280, 765, 0, 0
241, 0, 75, 733, 316, 71, 23.37%, 0, 0, 2, 38.09, 13473, 765, 0, 0
246, 0, 75, 733, 316, 71, 23.37%, 0, 0, 2, 37.79, 13667, 765, 0, 0
251, 0, 75, 734, 317, 71, 23.37%, 0, 0, 2, 38.18, 13865, 765, 0, 0
257, 0, 75, 734, 317, 71, 23.37%, 0, 0, 2, 38.32, 14062, 765, 0, 0
262, 0, 75, 737, 320, 71, 23.37%, 0, 0, 2, 37.69, 14249, 765, 0, 0
267, 0, 75, 738, 321, 71, 23.37%, 0, 0, 2, 38.16, 14442, 765, 0, 0
272, 0, 75, 740, 323, 71, 23.37%, 0, 0, 2, 37.27, 14627, 765, 0, 0
277, 0, 75, 741, 324, 71, 23.37%, 0, 0, 2, 36.83, 14809, 765, 0, 0
282, 0, 75, 742, 325, 71, 23.37%, 0, 0, 2, 37.94, 15001, 765, 0, 0
287, 0, 75, 744, 327, 71, 23.37%, 0, 0, 2, 37.18, 15190, 765, 0, 0
292, 0, 75, 744, 327, 71, 23.37%, 0, 0, 2, 37.62, 15383, 765, 0, 0
298, 0, 75, 745, 328, 71, 23.37%, 0, 0, 2, 38.88, 15570, 765, 0, 0
303, 0, 75, 745, 328, 71, 23.37%, 0, 0, 2, 38.03, 15762, 765, 0, 0
308, 0, 75, 746, 329, 71, 23.40%, 0, 0, 2, 38.30, 15953, 766, 0, 0
313, 0, 75, 746, 329, 71, 23.40%, 0, 0, 2, 37.66, 16146, 766, 0, 0
318, 0, 75, 746, 329, 71, 23.40%, 0, 0, 2, 37.79, 16339, 766, 0, 0
323, 0, 75, 746, 329, 71, 23.40%, 0, 0, 2, 37.63, 16532, 766, 0, 0
328, 0, 75, 746, 329, 71, 23.40%, 0, 0, 2, 37.70, 16727, 766, 0, 0
333, 0, 75, 746, 329, 71, 23.40%, 0, 0, 2, 37.81, 16919, 766, 0, 0
338, 0, 75, 746, 329, 71, 23.40%, 0, 0, 2, 38.53, 17114, 766, 0, 0
343, 0, 75, 747, 330, 71, 23.40%, 0, 0, 2, 37.45, 17301, 766, 0, 0
349, 0, 75, 748, 331, 71, 23.40%, 0, 0, 2, 37.64, 17506, 766, 0, 0
354, 0, 75, 750, 333, 71, 23.40%, 0, 0, 2, 37.61, 17702, 766, 0, 0
359, 0, 75, 751, 334, 71, 23.40%, 0, 0, 2, 37.98, 17895, 766, 0, 0
364, 0, 75, 752, 335, 71, 23.40%, 0, 0, 2, 37.32, 18082, 766, 0, 0
369, 0, 75, 754, 337, 71, 23.40%, 0, 0, 2, 37.60, 18272, 766, 0, 0
374, 0, 75, 755, 338, 71, 23.40%, 0, 0, 2, 37.82, 18463, 766, 0, 0
380, 0, 75, 756, 339, 71, 23.40%, 0, 0, 2, 38.36, 18662, 766, 0, 0
385, 0, 75, 757, 340, 71, 23.43%, 0, 0, 2, 38.07, 18858, 767, 0, 0
390, 0, 75, 758, 341, 71, 23.43%, 0, 0, 2, 37.26, 19043, 767, 0, 0
395, 0, 75, 760, 343, 71, 23.46%, 0, 0, 2, 37.98, 19237, 768, 0, 0
400, 0, 75, 760, 343, 71, 23.46%, 0, 0, 2, 37.92, 19431, 768, 0, 0
405, 0, 75, 760, 343, 71, 23.46%, 0, 0, 2, 38.37, 19625, 768, 0, 0
410, 0, 75, 760, 343, 71, 23.46%, 0, 0, 2, 37.43, 19815, 768, 0, 0
415, 0, 75, 760, 343, 71, 23.46%, 0, 0, 2, 36.64, 20004, 768, 0, 0
421, 0, 98, 760, 340, 75, 23.46%, 0, 0, 2, 37.35, 20194, 768, 0, 0
426, 0, 102, 764, 342, 73, 23.46%, 0, 0, 2, 37.68, 20388, 768, 0, 0
431, 0, 122, 767, 344, 74, 23.53%, 0, 0, 2, 36.12, 20546, 770, 0, 0
438, 0, 133, 768, 343, 72, 23.53%, 0, 0, 2, 34.99, 20760, 770, 0, 0
443, 0, 135, 770, 344, 71, 23.53%, 0, 0, 2, 36.67, 20947, 770, 0, 0
448, 0, 135, 770, 344, 71, 23.53%, 0, 0, 2, 37.96, 21139, 770, 0, 0
453, 0, 135, 770, 344, 71, 23.53%, 0, 0, 2, 37.44, 21328, 770, 0, 0
458, 0, 135, 770, 344, 71, 23.53%, 0, 0, 2, 38.50, 21528, 770, 0, 0
463, 0, 135, 770, 344, 71, 23.53%, 0, 0, 2, 39.06, 21728, 770, 0, 0
469, 0, 136, 770, 343, 71, 23.53%, 0, 0, 2, 38.18, 21943, 770, 0, 0
474, 0, 137, 773, 345, 71, 23.56%, 0, 0, 2, 37.00, 22113, 771, 0, 0
481, 0, 142, 773, 343, 69, 23.56%, 0, 0, 2, 36.24, 22322, 771, 0, 0
486, 0, 149, 773, 341, 67, 23.56%, 0, 0, 2, 36.19, 22502, 771, 0, 0
491, 0, 149, 777, 345, 67, 23.59%, 0, 0, 2, 38.53, 22700, 772, 0, 0
496, 0, 149, 778, 346, 67, 23.59%, 0, 0, 2, 41.18, 22914, 772, 0, 0
501, 0, 149, 782, 350, 67, 23.59%, 0, 0, 2, 40.18, 23099, 772, 0, 0
507, 0, 149, 783, 351, 67, 23.59%, 0, 0, 2, 39.72, 23299, 772, 0, 0
512, 0, 149, 784, 352, 67, 23.59%, 0, 0, 2, 39.61, 23498, 772, 0, 0
517, 0, 149, 785, 353, 67, 23.59%, 0, 0, 2, 38.95, 23714, 772, 0, 0
522, 0, 149, 787, 355, 67, 23.59%, 0, 0, 2, 38.56, 23911, 772, 0, 0
528, 0, 149, 787, 355, 67, 23.59%, 0, 0, 2, 40.04, 24117, 772, 0, 0
533, 0, 149, 787, 355, 67, 23.59%, 0, 0, 2, 40.45, 24322, 772, 0, 0
538, 0, 149, 787, 355, 67, 23.59%, 0, 0, 2, 38.92, 24519, 772, 0, 0
543, 0, 149, 788, 356, 67, 23.59%, 0, 0, 2, 39.73, 24730, 772, 0, 0
548, 0, 149, 789, 357, 67, 23.59%, 0, 0, 2, 40.22, 24937, 772, 0, 0
553, 0, 149, 792, 360, 67, 23.59%, 0, 0, 2, 39.47, 25132, 772, 0, 0
558, 0, 152, 793, 360, 69, 23.62%, 0, 0, 2, 37.87, 25307, 773, 0, 0
563, 0, 153, 796, 362, 68, 23.62%, 0, 0, 2, 39.36, 25495, 773, 0, 0
568, 0, 159, 796, 361, 67, 23.62%, 0, 0, 2, 35.47, 25665, 773, 0, 0
574, 0, 165, 796, 359, 65, 23.62%, 0, 0, 2, 35.60, 25843, 773, 0, 0
580, 0, 167, 796, 357, 63, 23.62%, 0, 0, 2, 35.99, 26052, 773, 0, 0
586, 0, 171, 797, 356, 61, 23.62%, 0, 0, 2, 36.52, 26259, 773, 0, 0
592, 0, 182, 797, 354, 59, 23.62%, 0, 0, 2, 36.51, 26443, 773, 0, 0
597, 0, 183, 798, 354, 58, 23.62%, 0, 0, 2, 34.88, 26604, 773, 0, 0
602, 0, 197, 798, 352, 56, 23.62%, 0, 0, 2, 35.23, 26775, 773, 0, 0
609, 0, 291, 799, 349, 52, 23.62%, 0, 0, 2, 37.80, 27036, 773, 0, 0
614, 0, 298, 801, 349, 51, 23.65%, 0, 0, 2, 37.51, 27229, 774, 0, 0
619, 0, 319, 803, 347, 46, 23.71%, 0, 0, 2, 37.03, 27408, 776, 0, 0
625, 0, 319, 803, 347, 46, 23.71%, 0, 0, 2, 38.41, 27608, 776, 0, 0
630, 0, 319, 803, 347, 46, 23.71%, 0, 0, 2, 38.40, 27800, 776, 0, 0
635, 0, 319, 803, 347, 46, 23.71%, 0, 0, 2, 38.91, 28000, 776, 0, 0
640, 0, 319, 803, 347, 46, 23.71%, 0, 0, 2, 39.00, 28200, 776, 0, 0
645, 0, 319, 803, 347, 46, 23.71%, 0, 0, 2, 38.51, 28400, 776, 0, 0
650, 0, 516, 806, 349, 46, 23.71%, 0, 0, 2, 32.41, 28518, 776, 0, 0
655, 0, 516, 809, 352, 46, 23.71%, 0, 0, 2, 22.17, 28606, 776, 0, 0
660, 0, 516, 811, 354, 46, 23.71%, 0, 0, 2, 18.65, 28691, 776, 0, 0
666, 0, 516, 812, 355, 46, 23.71%, 0, 0, 2, 17.15, 28777, 776, 0, 0
671, 0, 516, 813, 356, 46, 23.71%, 0, 0, 2, 16.37, 28861, 776, 0, 0
676, 0, 516, 813, 356, 46, 23.71%, 0, 0, 2, 16.81, 28949, 776, 0, 0
681, 0, 516, 813, 356, 46, 23.71%, 0, 0, 2, 16.66, 29033, 776, 0, 0
686, 0, 516, 813, 356, 46, 23.71%, 0, 0, 2, 16.36, 29117, 776, 0, 0
692, 0, 516, 813, 356, 46, 23.71%, 0, 0, 2, 15.57, 29198, 776, 0, 0
697, 0, 516, 813, 356, 46, 23.71%, 0, 0, 2, 15.41, 29276, 776, 0, 0
702, 0, 516, 815, 358, 46, 23.71%, 0, 0, 2, 16.04, 29363, 776, 0, 0
707, 0, 516, 816, 359, 46, 23.71%, 0, 0, 2, 16.04, 29445, 776, 0, 0
712, 0, 516, 816, 359, 46, 23.71%, 0, 0, 2, 15.81, 29525, 776, 0, 0
717, 0, 516, 816, 359, 46, 23.71%, 0, 0, 2, 18.96, 29622, 776, 0, 0
723, 0, 516, 816, 359, 46, 23.71%, 0, 0, 2, 17.96, 29715, 776, 0, 0
728, 0, 516, 817, 360, 46, 23.71%, 0, 0, 2, 20.62, 29819, 776, 0, 0
733, 0, 516, 817, 360, 46, 23.71%, 0, 0, 2, 20.99, 29933, 776, 0, 0
738, 0, 516, 817, 360, 46, 23.71%, 0, 0, 2, 18.08, 30023, 776, 0, 0
743, 0, 516, 817, 360, 46, 23.71%, 0, 0, 2, 17.21, 30111, 776, 0, 0
749, 0, 516, 817, 360, 46, 23.71%, 0, 0, 2, 20.93, 30221, 776, 0, 0
754, 0, 516, 817, 360, 46, 23.71%, 0, 0, 2, 23.60, 30351, 776, 0, 0
759, 0, 516, 819, 362, 46, 23.71%, 0, 0, 2, 19.33, 30436, 776, 0, 0
764, 0, 516, 819, 362, 46, 23.71%, 0, 0, 2, 22.78, 30555, 776, 0, 0
769, 0, 516, 819, 362, 46, 23.71%, 0, 0, 2, 21.10, 30665, 776, 0, 0
774, 0, 516, 819, 362, 46, 23.71%, 0, 0, 2, 20.11, 30768, 776, 0, 0
779, 0, 516, 819, 362, 46, 23.71%, 0, 0, 2, 20.35, 30872, 776, 0, 0
784, 0, 516, 822, 365, 46, 23.71%, 0, 0, 2, 18.55, 30957, 776, 0, 0
790, 0, 516, 822, 365, 46, 23.71%, 0, 0, 2, 18.29, 31048, 776, 0, 0
795, 0, 516, 822, 365, 46, 23.71%, 0, 0, 2, 19.41, 31150, 776, 0, 0
800, 0, 516, 822, 365, 46, 23.71%, 0, 0, 2, 17.57, 31240, 776, 0, 0
805, 0, 516, 822, 365, 46, 23.71%, 0, 0, 2, 16.73, 31324, 776, 0, 0
810, 0, 516, 822, 365, 46, 23.71%, 0, 0, 2, 16.42, 31408, 776, 0, 0
815, 0, 516, 822, 365, 46, 23.71%, 0, 0, 2, 15.97, 31489, 776, 0, 0
820, 0, 516, 822, 365, 46, 23.71%, 0, 0, 2, 16.37, 31573, 776, 0, 0
825, 0, 516, 822, 365, 46, 23.71%, 0, 0, 2, 16.33, 31657, 776, 0, 0
830, 0, 516, 822, 365, 46, 23.71%, 0, 0, 2, 16.67, 31741, 776, 0, 0
835, 0, 516, 822, 365, 46, 23.71%, 0, 0, 2, 21.45, 31843, 776, 0, 0
841, 0, 516, 822, 365, 46, 23.71%, 0, 0, 2, 35.23, 32043, 776, 0, 0
846, 0, 516, 822, 365, 46, 23.71%, 0, 0, 2, 38.09, 32243, 776, 0, 0
851, 0, 516, 822, 365, 46, 23.71%, 0, 0, 2, 38.78, 32443, 776, 0, 0
856, 0, 516, 822, 365, 46, 23.71%, 0, 0, 2, 38.84, 32642, 776, 0, 0
861, 0, 516, 822, 365, 46, 23.71%, 0, 0, 2, 39.05, 32842, 776, 0, 0
866, 0, 516, 822, 365, 46, 23.71%, 0, 0, 2, 38.66, 33041, 776, 0, 0
871, 0, 516, 822, 365, 46, 23.71%, 0, 0, 2, 38.95, 33241, 776, 0, 0
877, 0, 516, 822, 365, 46, 23.71%, 0, 0, 2, 39.03, 33441, 776, 0, 0
882, 0, 516, 822, 365, 46, 23.71%, 0, 0, 2, 39.52, 33641, 776, 0, 0
887, 0, 516, 822, 365, 46, 23.71%, 0, 0, 2, 39.74, 33841, 776, 0, 0
892, 0, 516, 822, 365, 46, 23.71%, 0, 0, 2, 39.74, 34041, 776, 0, 0
897, 0, 516, 822, 365, 46, 23.71%, 0, 0, 2, 39.77, 34241, 776, 0, 0
902, 0, 516, 822, 365, 46, 23.71%, 0, 0, 2, 39.78, 34441, 776, 0, 0
907, 0, 516, 822, 365, 46, 23.71%, 0, 0, 2, 39.75, 34641, 776, 0, 0
912, 0, 516, 822, 365, 46, 23.71%, 0, 0, 2, 39.80, 34841, 776, 0, 0
917, 0, 516, 822, 365, 46, 23.71%, 0, 0, 2, 39.76, 35041, 776, 0, 0
922, 0, 516, 822, 365, 46, 23.71%, 0, 0, 2, 39.80, 35241, 776, 0, 0
927, 0, 516, 824, 367, 46, 23.71%, 0, 0, 2, 27.85, 35365, 776, 0, 0
932, 0, 516, 828, 371, 46, 23.71%, 0, 0, 2, 22.89, 35467, 776, 0, 0
938, 0, 516, 830, 373, 46, 23.71%, 0, 0, 2, 20.94, 35581, 776, 0, 0
943, 0, 516, 831, 374, 46, 23.71%, 0, 0, 2, 20.70, 35687, 776, 0, 0
946, 0, 517, 833, 376, 46, 23.71%, 0, 0, 2, 19.95, 35744, 776, 0, 0
946, 0, 517, 833, 376, 46, 23.71%, 0, 0, 2, 0.00, 35744, 776, 0, 0
946, 0, 517, 833, 376, 46, 23.71%, 0, 0, 2, 0.00, 35744, 776, 0, 0
946, 0, 517, 833, 376, 46, 23.71%, 0, 0, 2, 0.00, 35744, 776, 0, 0
1009, 0, 525, 971, 514, 46, 32.81%, 0, 0, 2, 21.09, 37578, 1074, 0, 0
1014, 0, 525, 972, 515, 46, 32.81%, 0, 0, 2, 21.31, 37686, 1074, 0, 0
1019, 0, 525, 973, 516, 46, 32.81%, 0, 0, 2, 21.12, 37790, 1074, 0, 0
1024, 0, 525, 973, 516, 46, 32.81%, 0, 0, 2, 21.09, 37898, 1074, 0, 0
1029, 0, 525, 973, 516, 46, 32.81%, 0, 0, 2, 20.85, 38004, 1074, 0, 0
1034, 0, 525, 974, 517, 46, 32.81%, 0, 0, 2, 20.84, 38111, 1074, 0, 0
1040, 0, 525, 974, 517, 46, 32.81%, 0, 0, 2, 20.82, 38217, 1074, 0, 0
1045, 0, 525, 974, 517, 46, 32.81%, 0, 0, 2, 20.20, 38319, 1074, 0, 0
1050, 0, 525, 974, 517, 46, 32.81%, 0, 0, 2, 20.59, 38426, 1074, 0, 0
1055, 0, 525, 974, 517, 46, 32.81%, 0, 0, 2, 19.96, 38529, 1074, 0, 0
1060, 0, 525, 974, 517, 46, 32.81%, 0, 0, 2, 20.17, 38631, 1074, 0, 0
1061, 0, 526, 974, 517, 46, 32.81%, 0, 0, 2, 20.09, 38658, 1074, 0, 0
1061, 0, 526, 974, 517, 46, 32.81%, 0, 0, 2, 0.00, 38658, 1074, 0, 0
1061, 0, 526, 974, 517, 46, 32.81%, 0, 0, 2, 0.00, 38658, 1074, 0, 0
1061, 0, 526, 974, 517, 46, 32.81%, 0, 0, 2, 0.00, 38658, 1074, 0, 0
1124, 0, 729, 1019, 558, 26, 33.70%, 0, 0, 3, 37.26, 40630, 1103, 0, 0
1129, 0, 729, 1019, 558, 26, 33.70%, 0, 0, 3, 36.82, 40818, 1103, 0, 0
1134, 0, 729, 1020, 559, 26, 33.70%, 0, 0, 3, 37.02, 41008, 1103, 0, 0
1139, 0, 729, 1020, 559, 26, 33.70%, 0, 0, 3, 36.59, 41196, 1103, 0, 0
1144, 0, 729, 1020, 559, 26, 33.70%, 0, 0, 3, 36.57, 41385, 1103, 0, 0
1149, 0, 729, 1020, 559, 26, 33.70%, 0, 0, 3, 37.36, 41575, 1103, 0, 0
1154, 0, 729, 1021, 560, 26, 33.70%, 0, 0, 3, 36.91, 41756, 1103, 0, 0
1159, 0, 729, 1021, 560, 26, 33.70%, 0, 0, 3, 37.13, 41948, 1103, 0, 0
1164, 0, 729, 1021, 560, 26, 33.70%, 0, 0, 3, 37.60, 42138, 1103, 0, 0
1170, 0, 729, 1021, 560, 26, 33.70%, 0, 0, 3, 36.76, 42329, 1103, 0, 0
1175, 0, 729, 1021, 560, 26, 33.70%, 0, 0, 3, 36.85, 42519, 1103, 0, 0
1180, 0, 729, 1021, 560, 26, 33.70%, 0, 0, 3, 35.87, 42701, 1103, 0, 0
1185, 0, 729, 1021, 560, 26, 33.70%, 0, 0, 3, 36.81, 42888, 1103, 0, 0
1190, 0, 729, 1021, 560, 26, 33.70%, 0, 0, 3, 36.15, 43074, 1103, 0, 0
1195, 0, 729, 1022, 561, 26, 33.70%, 0, 0, 3, 37.18, 43263, 1103, 0, 0
1200, 0, 729, 1022, 561, 26, 33.70%, 0, 0, 3, 36.68, 43454, 1103, 0, 0
1206, 0, 729, 1022, 561, 26, 33.70%, 0, 0, 3, 36.82, 43643, 1103, 0, 0
1211, 0, 729, 1022, 561, 26, 33.70%, 0, 0, 3, 36.95, 43831, 1103, 0, 0
1216, 0, 729, 1022, 561, 26, 33.70%, 0, 0, 3, 37.35, 44023, 1103, 0, 0
1221, 0, 729, 1022, 561, 26, 33.70%, 0, 0, 3, 37.16, 44211, 1103, 0, 0
1226, 0, 729, 1022, 561, 26, 33.70%, 0, 0, 3, 37.35, 44403, 1103, 0, 0
1231, 0, 729, 1022, 561, 26, 33.70%, 0, 0, 3, 36.70, 44589, 1103, 0, 0
1236, 0, 729, 1022, 561, 26, 33.70%, 0, 0, 3, 36.61, 44775, 1103, 0, 0
1241, 0, 729, 1022, 561, 26, 33.70%, 0, 0, 3, 36.73, 44962, 1103, 0, 0
1247, 0, 729, 1022, 561, 26, 33.70%, 0, 0, 3, 36.79, 45152, 1103, 0, 0
1252, 0, 729, 1022, 561, 26, 33.70%, 0, 0, 3, 37.12, 45344, 1103, 0, 0
1257, 0, 729, 1022, 561, 26, 33.70%, 0, 0, 3, 36.93, 45534, 1103, 0, 0
1262, 0, 729, 1022, 561, 26, 33.70%, 0, 0, 3, 36.66, 45722, 1103, 0, 0
1267, 0, 729, 1022, 561, 26, 33.70%, 0, 0, 3, 36.80, 45910, 1103, 0, 0
1272, 0, 729, 1022, 561, 26, 33.70%, 0, 0, 3, 36.65, 46098, 1103, 0, 0
1277, 0, 729, 1022, 561, 26, 33.70%, 0, 0, 3, 36.59, 46286, 1103, 0, 0
1282, 0, 729, 1022, 561, 26, 33.70%, 0, 0, 3, 37.10, 46475, 1103, 0, 0
1288, 0, 729, 1022, 561, 26, 33.70%, 0, 0, 3, 37.23, 46664, 1103, 0, 0
1293, 0, 729, 1022, 561, 26, 33.70%, 0, 0, 3, 37.26, 46853, 1103, 0, 0
1298, 0, 729, 1022, 561, 26, 33.70%, 0, 0, 3, 37.88, 47044, 1103, 0, 0
1303, 0, 729, 1022, 561, 26, 33.70%, 0, 0, 3, 36.45, 47229, 1103, 0, 0
1308, 0, 729, 1022, 561, 26, 33.70%, 0, 0, 3, 37.32, 47422, 1103, 0, 0
1313, 0, 729, 1022, 561, 26, 33.70%, 0, 0, 3, 37.30, 47610, 1103, 0, 0
1318, 0, 729, 1022, 561, 26, 33.70%, 0, 0, 3, 37.24, 47800, 1103, 0, 0
1323, 0, 729, 1022, 561, 26, 33.70%, 0, 0, 3, 36.45, 47987, 1103, 0, 0
1328, 0, 729, 1022, 561, 26, 33.70%, 0, 0, 3, 36.04, 48171, 1103, 0, 0
1333, 0, 729, 1022, 561, 26, 33.70%, 0, 0, 3, 38.06, 48366, 1103, 0, 0
1339, 0, 729, 1022, 561, 26, 33.70%, 0, 0, 3, 38.12, 48559, 1103, 0, 0
1344, 0, 729, 1022, 561, 26, 33.70%, 0, 0, 3, 36.94, 48748, 1103, 0, 0
1349, 0, 729, 1022, 561, 26, 33.70%, 0, 0, 3, 37.41, 48938, 1103, 0, 0
1354, 0, 729, 1022, 561, 26, 33.70%, 0, 0, 3, 36.89, 49127, 1103, 0, 0
1359, 0, 729, 1022, 561, 26, 33.70%, 0, 0, 3, 37.52, 49317, 1103, 0, 0
1364, 0, 729, 1022, 561, 26, 33.70%, 0, 0, 3, 37.22, 49508, 1103, 0, 0
1369, 0, 729, 1022, 561, 26, 33.70%, 0, 0, 3, 36.99, 49697, 1103, 0, 0
1374, 0, 729, 1022, 561, 26, 33.70%, 0, 0, 3, 37.08, 49888, 1103, 0, 0
1380, 0, 729, 1023, 562, 26, 33.70%, 0, 0, 3, 36.07, 50072, 1103, 0, 0
1385, 0, 729, 1023, 562, 26, 33.70%, 0, 0, 3, 36.16, 50258, 1103, 0, 0
1390, 0, 729, 1023, 562, 26, 33.70%, 0, 0, 3, 36.61, 50446, 1103, 0, 0
1395, 0, 729, 1023, 562, 26, 33.70%, 0, 0, 3, 37.24, 50636, 1103, 0, 0
1400, 0, 729, 1023, 562, 26, 33.70%, 0, 0, 3, 36.93, 50826, 1103, 0, 0
1405, 0, 729, 1023, 562, 26, 33.70%, 0, 0, 3, 37.31, 51018, 1103, 0, 0
1410, 0, 729, 1023, 562, 26, 33.70%, 0, 0, 3, 37.44, 51207, 1103, 0, 0
1415, 0, 729, 1023, 562, 26, 33.70%, 0, 0, 3, 37.02, 51383, 1103, 0, 0
1421, 0, 729, 1023, 562, 26, 33.70%, 0, 0, 3, 37.06, 51574, 1103, 0, 0
1426, 0, 729, 1023, 562, 26, 33.70%, 0, 0, 3, 37.30, 51765, 1103, 0, 0
1431, 0, 729, 1023, 562, 26, 33.70%, 0, 0, 3, 36.22, 51953, 1103, 0, 0
1436, 0, 729, 1023, 562, 26, 33.70%, 0, 0, 3, 36.80, 52143, 1103, 0, 0
1441, 0, 729, 1024, 563, 26, 33.73%, 0, 0, 3, 37.30, 52330, 1104, 0, 0
1446, 0, 729, 1024, 563, 26, 33.73%, 0, 0, 3, 37.16, 52522, 1104, 0, 0
1451, 0, 729, 1024, 563, 26, 33.73%, 0, 0, 3, 37.43, 52714, 1104, 0, 0
1457, 0, 729, 1024, 563, 26, 33.73%, 0, 0, 3, 36.97, 52904, 1104, 0, 0
1462, 0, 974, 1025, 563, 28, 33.73%, 0, 0, 3, 36.79, 53088, 1104, 0, 0
1467, 0, 974, 1025, 563, 28, 33.73%, 0, 0, 3, 36.21, 53274, 1104, 0, 0
1472, 0, 974, 1026, 564, 28, 33.73%, 0, 0, 3, 36.23, 53462, 1104, 0, 0
1477, 0, 974, 1026, 564, 28, 33.73%, 0, 0, 3, 37.59, 53655, 1104, 0, 0
1482, 0, 974, 1026, 564, 28, 33.73%, 0, 0, 3, 59.66, 53992, 1104, 0, 0
1487, 0, 974, 1026, 564, 28, 33.73%, 0, 0, 3, 48.07, 54247, 1104, 0, 0
1493, 0, 974, 1027, 565, 28, 33.73%, 0, 0, 3, 39.00, 54427, 1104, 0, 0
1498, 0, 974, 1027, 565, 28, 33.73%, 0, 0, 3, 37.91, 54618, 1104, 0, 0
1503, 0, 974, 1027, 565, 28, 33.73%, 0, 0, 3, 37.60, 54810, 1104, 0, 0
1508, 0, 974, 1027, 565, 28, 33.73%, 0, 0, 3, 37.42, 55003, 1104, 0, 0
1513, 0, 974, 1027, 565, 28, 33.73%, 0, 0, 3, 36.54, 55189, 1104, 0, 0
1518, 0, 974, 1027, 565, 28, 33.73%, 0, 0, 3, 36.65, 55378, 1104, 0, 0
1523, 0, 974, 1027, 565, 28, 33.73%, 0, 0, 3, 37.29, 55568, 1104, 0, 0
1528, 0, 974, 1027, 565, 28, 33.73%, 0, 0, 3, 37.44, 55759, 1104, 0, 0
1533, 0, 974, 1028, 566, 28, 33.73%, 0, 0, 3, 37.18, 55950, 1104, 0, 0
1539, 0, 974, 1028, 566, 28, 33.73%, 0, 0, 3, 36.70, 56139, 1104, 0, 0
1544, 0, 974, 1028, 566, 28, 33.73%, 0, 0, 3, 37.01, 56329, 1104, 0, 0
1549, 0, 974, 1028, 566, 28, 33.73%, 0, 0, 3, 37.22, 56519, 1104, 0, 0
1554, 0, 974, 1028, 566, 28, 33.73%, 0, 0, 3, 36.34, 56703, 1104, 0, 0
1559, 0, 974, 1028, 566, 28, 33.73%, 0, 0, 3, 37.63, 56898, 1104, 0, 0
1564, 0, 974, 1028, 566, 28, 33.73%, 0, 0, 3, 36.67, 57085, 1104, 0, 0
1569, 0, 974, 1028, 566, 28, 33.73%, 0, 0, 3, 37.30, 57279, 1104, 0, 0
1574, 0, 974, 1028, 566, 28, 33.73%, 0, 0, 3, 37.23, 57469, 1104, 0, 0
1580, 0, 974, 1028, 566, 28, 33.73%, 0, 0, 3, 36.78, 57660, 1104, 0, 0
1585, 0, 974, 1028, 566, 28, 33.73%, 0, 0, 3, 37.60, 57852, 1104, 0, 0
1590, 0, 974, 1028, 566, 28, 33.73%, 0, 0, 3, 36.52, 58040, 1104, 0, 0
1595, 0, 974, 1028, 566, 28, 33.73%, 0, 0, 3, 37.60, 58234, 1104, 0, 0
1600, 0, 974, 1028, 566, 28, 33.73%, 0, 0, 3, 36.88, 58422, 1104, 0, 0
1605, 0, 974, 1028, 566, 28, 33.73%, 0, 0, 3, 37.00, 58612, 1104, 0, 0
1610, 0, 974, 1028, 566, 28, 33.73%, 0, 0, 3, 37.52, 58803, 1104, 0, 0
1615, 0, 974, 1028, 566, 28, 33.73%, 0, 0, 3, 37.37, 58992, 1104, 0, 0
1621, 0, 974, 1028, 566, 28, 33.73%, 0, 0, 3, 37.41, 59186, 1104, 0, 0
1626, 0, 974, 1028, 566, 28, 33.73%, 0, 0, 3, 37.10, 59374, 1104, 0, 0
1631, 0, 974, 1028, 566, 28, 33.73%, 0, 0, 3, 36.69, 59562, 1104, 0, 0
1636, 0, 974, 1028, 566, 28, 33.73%, 0, 0, 3, 37.54, 59756, 1104, 0, 0
1641, 0, 974, 1029, 567, 28, 33.73%, 0, 0, 3, 37.18, 59956, 1104, 0, 0
1647, 0, 974, 1029, 567, 28, 33.73%, 0, 0, 3, 36.97, 60148, 1104, 0, 0
1652, 0, 974, 1029, 567, 28, 33.73%, 0, 0, 3, 37.06, 60337, 1104, 0, 0
1657, 0, 974, 1029, 567, 28, 33.73%, 0, 0, 3, 36.54, 60525, 1104, 0, 0
1662, 0, 974, 1029, 567, 28, 33.73%, 0, 0, 3, 36.82, 60716, 1104, 0, 0
1667, 0, 974, 1029, 567, 28, 33.73%, 0, 0, 3, 37.16, 60909, 1104, 0, 0
1672, 0, 974, 1029, 567, 28, 33.73%, 0, 0, 3, 37.16, 61098, 1104, 0, 0
1677, 0, 974, 1029, 567, 28, 33.73%, 0, 0, 3, 36.55, 61286, 1104, 0, 0
1683, 0, 974, 1029, 567, 28, 33.73%, 0, 0, 3, 36.85, 61475, 1104, 0, 0
1688, 0, 974, 1029, 567, 28, 33.73%, 0, 0, 3, 37.10, 61666, 1104, 0, 0
1693, 0, 974, 1029, 567, 28, 33.73%, 0, 0, 3, 37.16, 61855, 1104, 0, 0
1698, 0, 974, 1029, 567, 28, 33.73%, 0, 0, 3, 36.96, 62044, 1104, 0, 0
1703, 0, 974, 1029, 567, 28, 33.73%, 0, 0, 3, 37.36, 62236, 1104, 0, 0
1708, 0, 974, 1029, 567, 28, 33.73%, 0, 0, 3, 37.25, 62427, 1104, 0, 0
1713, 0, 974, 1029, 567, 28, 33.73%, 0, 0, 3, 36.43, 62614, 1104, 0, 0
1718, 0, 974, 1029, 567, 28, 33.73%, 0, 0, 3, 37.12, 62806, 1104, 0, 0
1724, 0, 974, 1029, 567, 28, 33.73%, 0, 0, 3, 37.10, 62997, 1104, 0, 0
1729, 0, 974, 1029, 567, 28, 33.73%, 0, 0, 3, 36.80, 63185, 1104, 0, 0
1734, 0, 974, 1029, 567, 28, 33.73%, 0, 0, 3, 37.20, 63376, 1104, 0, 0
1739, 0, 974, 1029, 567, 28, 33.73%, 0, 0, 3, 36.70, 63564, 1104, 0, 0
1744, 0, 974, 1029, 567, 28, 33.73%, 0, 0, 3, 36.71, 63738, 1104, 0, 0
1749, 0, 974, 1029, 567, 28, 33.73%, 0, 0, 3, 37.22, 63929, 1104, 0, 0
1754, 0, 974, 1029, 567, 28, 33.73%, 0, 0, 3, 37.26, 64117, 1104, 0, 0
1759, 0, 974, 1029, 567, 28, 33.73%, 0, 0, 3, 37.18, 64307, 1104, 0, 0
1765, 0, 974, 1029, 567, 28, 33.73%, 0, 0, 3, 37.42, 64496, 1104, 0, 0
1770, 0, 974, 1029, 567, 28, 33.73%, 0, 0, 3, 37.01, 64687, 1104, 0, 0
1775, 0, 974, 1029, 567, 28, 33.73%, 0, 0, 3, 37.46, 64881, 1104, 0, 0
1780, 0, 974, 1030, 568, 28, 33.73%, 0, 0, 3, 36.97, 65072, 1104, 0, 0
1785, 0, 974, 1030, 568, 28, 33.73%, 0, 0, 3, 37.36, 65265, 1104, 0, 0
1790, 0, 974, 1030, 568, 28, 33.73%, 0, 0, 3, 37.42, 65454, 1104, 0, 0
1795, 0, 974, 1030, 568, 28, 33.73%, 0, 0, 3, 37.27, 65645, 1104, 0, 0
1801, 0, 974, 1030, 568, 28, 33.73%, 0, 0, 3, 35.47, 65831, 1104, 0, 0
1806, 0, 974, 1030, 568, 28, 33.73%, 0, 0, 3, 32.55, 65997, 1104, 0, 0
1811, 0, 974, 1030, 568, 28, 33.73%, 0, 0, 3, 31.79, 66156, 1104, 0, 0
1816, 0, 974, 1030, 568, 28, 33.73%, 0, 0, 3, 31.46, 66319, 1104, 0, 0
1821, 0, 974, 1030, 568, 28, 33.73%, 0, 0, 3, 31.17, 66479, 1104, 0, 0
1827, 0, 974, 1030, 568, 28, 33.73%, 0, 0, 3, 32.72, 66652, 1104, 0, 0
1832, 0, 974, 1030, 568, 28, 33.73%, 0, 0, 3, 31.29, 66807, 1104, 0, 0
1837, 0, 974, 1030, 568, 28, 33.73%, 0, 0, 3, 31.18, 66968, 1104, 0, 0
1842, 0, 974, 1030, 568, 28, 33.73%, 0, 0, 3, 31.72, 67127, 1104, 0, 0
1847, 0, 974, 1030, 568, 28, 33.73%, 0, 0, 3, 32.54, 67293, 1104, 0, 0
1852, 0, 974, 1030, 568, 28, 33.73%, 0, 0, 3, 31.43, 67450, 1104, 0, 0
1857, 0, 974, 1030, 568, 28, 33.73%, 0, 0, 3, 31.36, 67612, 1104, 0, 0
1862, 0, 974, 1030, 568, 28, 33.73%, 0, 0, 3, 31.79, 67772, 1104, 0, 0
1867, 0, 974, 1030, 568, 28, 33.73%, 0, 0, 3, 32.28, 67938, 1104, 0, 0
1872, 0, 974, 1030, 568, 28, 33.73%, 0, 0, 3, 31.62, 68095, 1104, 0, 0
1878, 0, 974, 1030, 568, 28, 33.73%, 0, 0, 3, 35.41, 68280, 1104, 0, 0
1883, 0, 974, 1030, 568, 28, 33.73%, 0, 0, 3, 37.10, 68473, 1104, 0, 0
1888, 0, 974, 1030, 568, 28, 33.73%, 0, 0, 3, 37.10, 68664, 1104, 0, 0
1893, 0, 974, 1030, 568, 28, 33.73%, 0, 0, 3, 36.78, 68852, 1104, 0, 0
1898, 0, 974, 1030, 568, 28, 33.73%, 0, 0, 3, 36.56, 69041, 1104, 0, 0
1903, 0, 974, 1030, 568, 28, 33.73%, 0, 0, 3, 36.44, 69229, 1104, 0, 0
1908, 0, 974, 1030, 568, 28, 33.73%, 0, 0, 3, 36.68, 69416, 1104, 0, 0
1914, 0, 974, 1030, 568, 28, 33.73%, 0, 0, 3, 36.96, 69602, 1104, 0, 0
1919, 0, 974, 1030, 568, 28, 33.73%, 0, 0, 3, 36.76, 69792, 1104, 0, 0
1924, 0, 974, 1030, 568, 28, 33.73%, 0, 0, 3, 36.93, 69982, 1104, 0, 0
1929, 0, 974, 1030, 568, 28, 33.73%, 0, 0, 3, 37.40, 70174, 1104, 0, 0
1934, 0, 974, 1030, 568, 28, 33.73%, 0, 0, 3, 37.31, 70368, 1104, 0, 0
1939, 0, 974, 1030, 568, 28, 33.73%, 0, 0, 3, 37.56, 70561, 1104, 0, 0
1944, 0, 974, 1030, 568, 28, 33.73%, 0, 0, 3, 36.92, 70749, 1104, 0, 0
1950, 0, 974, 1030, 568, 28, 33.73%, 0, 0, 3, 36.62, 70936, 1104, 0, 0
1955, 0, 974, 1030, 568, 28, 33.73%, 0, 0, 3, 37.40, 71130, 1104, 0, 0
1960, 0, 974, 1030, 568, 28, 33.73%, 0, 0, 3, 37.66, 71324, 1104, 0, 0
1965, 0, 974, 1030, 568, 28, 33.73%, 0, 0, 3, 37.45, 71516, 1104, 0, 0
1970, 0, 974, 1030, 568, 28, 33.73%, 0, 0, 3, 37.41, 71710, 1104, 0, 0
1975, 0, 974, 1030, 568, 28, 33.73%, 0, 0, 3, 36.95, 71900, 1104, 0, 0
1980, 0, 974, 1030, 568, 28, 33.73%, 0, 0, 3, 37.33, 72093, 1104, 0, 0
1986, 0, 974, 1030, 568, 28, 33.73%, 0, 0, 3, 37.61, 72284, 1104, 0, 0
1991, 0, 974, 1030, 568, 28, 33.73%, 0, 0, 3, 36.88, 72471, 1104, 0, 0
1996, 0, 974, 1030, 568, 28, 33.73%, 0, 0, 3, 37.30, 72663, 1104, 0, 0
2001, 0, 974, 1030, 568, 28, 33.73%, 0, 0, 3, 36.84, 72849, 1104, 0, 0
2006, 0, 974, 1030, 568, 28, 33.73%, 0, 0, 3, 37.33, 73040, 1104, 0, 0
2011, 0, 974, 1030, 568, 28, 33.73%, 0, 0, 3, 36.83, 73230, 1104, 0, 0
2016, 0, 974, 1030, 568, 28, 33.73%, 0, 0, 3, 36.62, 73418, 1104, 0, 0
2021, 0, 974, 1030, 568, 28, 33.73%, 0, 0, 3, 37.13, 73610, 1104, 0, 0
2026, 0, 974, 1030, 568, 28, 33.73%, 0, 0, 3, 37.18, 73800, 1104, 0, 0
2032, 0, 974, 1030, 568, 28, 33.73%, 0, 0, 3, 37.50, 73992, 1104, 0, 0
2037, 0, 974, 1030, 568, 28, 33.73%, 0, 0, 3, 37.02, 74177, 1104, 0, 0
2042, 0, 974, 1030, 568, 28, 33.73%, 0, 0, 3, 37.22, 74370, 1104, 0, 0
2047, 0, 974, 1030, 568, 28, 33.73%, 0, 0, 3, 36.87, 74558, 1104, 0, 0
2052, 0, 974, 1030, 568, 28, 33.73%, 0, 0, 3, 34.32, 74730, 1104, 0, 0
2057, 0, 974, 1030, 568, 28, 33.73%, 0, 0, 3, 32.57, 74893, 1104, 0, 0
2062, 0, 974, 1030, 568, 28, 33.73%, 0, 0, 3, 31.71, 75057, 1104, 0, 0
2067, 0, 974, 1030, 568, 28, 33.73%, 0, 0, 3, 31.67, 75215, 1104, 0, 0
2072, 0, 974, 1030, 568, 28, 33.73%, 0, 0, 3, 30.90, 75369, 1104, 0, 0
2077, 0, 974, 1030, 568, 28, 33.73%, 0, 0, 3, 33.20, 75536, 1104, 0, 0
2082, 0, 974, 1030, 568, 28, 33.73%, 0, 0, 3, 33.91, 75711, 1104, 0, 0
2088, 0, 974, 1030, 568, 28, 33.73%, 0, 0, 3, 34.22, 75888, 1104, 0, 0
2093, 0, 974, 1030, 568, 28, 33.73%, 0, 0, 3, 34.48, 76065, 1104, 0, 0
2098, 0, 974, 1030, 568, 28, 33.73%, 0, 0, 3, 34.55, 76243, 1104, 0, 0
2103, 0, 974, 1030, 568, 28, 33.73%, 0, 0, 3, 34.61, 76418, 1104, 0, 0
2108, 0, 974, 1030, 568, 28, 33.73%, 0, 0, 3, 35.41, 76600, 1104, 0, 0
2113, 0, 974, 1030, 568, 28, 33.73%, 0, 0, 3, 34.44, 76774, 1104, 0, 0
2118, 0, 974, 1030, 568, 28, 33.73%, 0, 0, 3, 32.01, 76931, 1104, 0, 0
2123, 0, 974, 1030, 568, 28, 33.73%, 0, 0, 3, 31.01, 77086, 1104, 0, 0
2128, 0, 974, 1030, 568, 28, 33.73%, 0, 0, 3, 30.78, 77243, 1104, 0, 0
2133, 0, 974, 1030, 568, 28, 33.73%, 0, 0, 3, 30.96, 77399, 1104, 0, 0
2138, 0, 974, 1030, 568, 28, 33.73%, 0, 0, 3, 33.80, 77576, 1104, 0, 0
2144, 0, 974, 1030, 568, 28, 33.73%, 0, 0, 3, 34.69, 77755, 1104, 0, 0
2149, 0, 974, 1030, 568, 28, 33.73%, 0, 0, 3, 34.34, 77932, 1104, 0, 0
2154, 0, 974, 1030, 568, 28, 33.73%, 0, 0, 3, 33.79, 78108, 1104, 0, 0
2159, 0, 974, 1030, 568, 28, 33.73%, 0, 0, 3, 33.94, 78282, 1104, 0, 0
2164, 0, 974, 1030, 568, 28, 33.73%, 0, 0, 3, 32.05, 78440, 1104, 0, 0
2169, 0, 974, 1030, 568, 28, 33.73%, 0, 0, 3, 31.64, 78603, 1104, 0, 0
2174, 0, 974, 1030, 568, 28, 33.73%, 0, 0, 3, 31.29, 78761, 1104, 0, 0
2179, 0, 974, 1030, 568, 28, 33.73%, 0, 0, 3, 30.99, 78916, 1104, 0, 0
2184, 0, 974, 1030, 568, 28, 33.73%, 0, 0, 3, 32.32, 79085, 1104, 0, 0
2190, 0, 974, 1030, 568, 28, 33.73%, 0, 0, 3, 34.49, 79266, 1104, 0, 0
2195, 0, 974, 1030, 568, 28, 33.73%, 0, 0, 3, 34.83, 79446, 1104, 0, 0
2200, 0, 974, 1030, 568, 28, 33.73%, 0, 0, 3, 34.18, 79619, 1104, 0, 0
2205, 0, 974, 1030, 568, 28, 33.73%, 0, 0, 3, 34.03, 79793, 1104, 0, 0
2210, 0, 975, 1037, 574, 27, 33.76%, 0, 0, 3, 26.63, 79883, 1105, 0, 0
2216, 0, 975, 1045, 582, 27, 33.76%, 0, 0, 3, 23.61, 79981, 1105, 0, 0
2221, 0, 975, 1058, 595, 27, 33.76%, 0, 0, 3, 27.75, 80133, 1105, 0, 0
2226, 0, 975, 1074, 611, 27, 33.85%, 0, 0, 3, 29.63, 80283, 1108, 0, 0
2231, 0, 982, 1078, 615, 52, 33.88%, 0, 0, 3, 31.78, 80451, 1109, 0, 0
2236, 0, 982, 1078, 615, 52, 33.88%, 0, 0, 3, 37.29, 80650, 1109, 0, 0
2241, 0, 982, 1078, 615, 52, 33.88%, 0, 0, 3, 38.82, 80852, 1109, 0, 0
2246, 0, 983, 1078, 614, 51, 33.88%, 0, 0, 3, 37.94, 81031, 1109, 0, 0
2251, 0, 983, 1078, 614, 51, 33.88%, 0, 0, 3, 37.99, 81224, 1109, 0, 0
2257, 0, 984, 1078, 613, 50, 33.88%, 0, 0, 3, 36.46, 81406, 1109, 0, 0
2262, 0, 984, 1079, 614, 50, 33.88%, 0, 0, 3, 38.85, 81603, 1109, 0, 0
2267, 0, 984, 1079, 614, 50, 33.88%, 0, 0, 3, 37.97, 81796, 1109, 0, 0
2272, 0, 984, 1079, 614, 50, 33.88%, 0, 0, 3, 38.31, 81995, 1109, 0, 0
2277, 0, 984, 1079, 614, 50, 33.88%, 0, 0, 3, 39.06, 82198, 1109, 0, 0
2282, 0, 986, 1079, 613, 49, 33.88%, 0, 0, 3, 37.18, 82380, 1109, 0, 0
2287, 0, 986, 1079, 613, 49, 33.88%, 0, 0, 3, 35.44, 82560, 1109, 0, 0
2293, 0, 987, 1079, 612, 48, 33.88%, 0, 0, 3, 36.28, 82757, 1109, 0, 0
2298, 0, 987, 1079, 612, 48, 33.88%, 0, 0, 3, 36.54, 82943, 1109, 0, 0
2303, 0, 987, 1080, 613, 48, 33.88%, 0, 0, 3, 37.19, 83130, 1109, 0, 0
2308, 0, 987, 1080, 613, 48, 33.88%, 0, 0, 3, 37.18, 83321, 1109, 0, 0
2313, 0, 987, 1080, 613, 48, 33.88%, 0, 0, 3, 36.89, 83508, 1109, 0, 0
2315, 0, 988, 1080, 613, 48, 33.88%, 0, 0, 3, 36.43, 83553, 1109, 0, 0
2315, 0, 988, 1080, 613, 48, 33.88%, 0, 0, 3, 0.00, 83553, 1109, 0, 0
2315, 0, 988, 1080, 613, 48, 33.88%, 0, 0, 3, 0.00, 83553, 1109, 0, 0
2315, 0, 988, 1080, 613, 48, 33.88%, 0, 0, 3, 0.00, 83553, 1109, 0, 0
