# relative_time, cycles_done, cur_item, corpus_count, pending_total, pending_favs, map_size, saved_crashes, saved_hangs, max_depth, execs_per_sec, total_execs, edges_found, total_crashes, servers_count
61, 0, 0, 302, 294, 96, 30.13%, 0, 0, 2, 42.93, 5532, 1302, 0, 0
66, 0, 0, 302, 294, 96, 30.13%, 0, 0, 2, 42.69, 5747, 1302, 0, 0
71, 0, 0, 302, 294, 96, 30.13%, 0, 0, 2, 43.52, 5966, 1302, 0, 0
76, 0, 0, 309, 301, 96, 30.27%, 0, 0, 2, 47.34, 6220, 1308, 0, 0
81, 0, 0, 319, 311, 96, 30.48%, 0, 0, 2, 46.99, 6459, 1317, 0, 0
86, 0, 0, 328, 320, 96, 30.48%, 0, 0, 2, 49.49, 6706, 1317, 0, 0
92, 0, 0, 334, 326, 96, 30.48%, 0, 0, 2, 49.58, 6953, 1317, 0, 0
97, 0, 0, 342, 334, 96, 30.50%, 0, 0, 2, 47.27, 7181, 1318, 0, 0
102, 0, 0, 347, 339, 96, 30.59%, 0, 0, 2, 48.51, 7424, 1322, 0, 0
107, 0, 0, 352, 344, 96, 30.64%, 0, 0, 2, 48.47, 7666, 1324, 0, 0
112, 0, 0, 355, 347, 96, 30.64%, 0, 0, 2, 48.37, 7903, 1324, 0, 0
117, 0, 0, 360, 352, 96, 30.64%, 0, 0, 2, 50.02, 8150, 1324, 0, 0
122, 0, 0, 366, 358, 96, 30.69%, 0, 0, 2, 49.19, 8390, 1326, 0, 0
127, 0, 0, 369, 361, 96, 30.76%, 0, 0, 2, 48.65, 8635, 1329, 0, 0
132, 0, 0, 373, 365, 96, 30.80%, 0, 0, 2, 49.00, 8890, 1331, 0, 0
137, 0, 0, 378, 370, 96, 30.80%, 0, 0, 2, 50.19, 9141, 1331, 0, 0
143, 0, 0, 380, 372, 96, 30.80%, 0, 0, 2, 49.82, 9402, 1331, 0, 0
148, 0, 0, 382, 374, 96, 30.80%, 0, 0, 2, 51.21, 9665, 1331, 0, 0
153, 0, 0, 384, 376, 96, 30.80%, 0, 0, 2, 50.52, 9919, 1331, 0, 0
158, 0, 0, 387, 379, 96, 30.83%, 0, 0, 2, 49.46, 10158, 1332, 0, 0
163, 0, 0, 390, 382, 96, 30.83%, 0, 0, 2, 51.51, 10433, 1332, 0, 0
168, 0, 0, 394, 386, 96, 30.97%, 0, 0, 2, 50.23, 10681, 1338, 0, 0
173, 0, 0, 396, 388, 96, 30.97%, 0, 0, 2, 49.48, 10927, 1338, 0, 0
178, 0, 0, 398, 390, 96, 30.99%, 0, 0, 2, 49.48, 11176, 1339, 0, 0
184, 0, 0, 402, 394, 96, 30.99%, 0, 0, 2, 49.69, 11435, 1339, 0, 0
189, 0, 0, 405, 397, 96, 30.99%, 0, 0, 2, 50.71, 11691, 1339, 0, 0
194, 0, 0, 410, 402, 96, 31.03%, 0, 0, 2, 51.23, 11964, 1341, 0, 0
199, 0, 0, 411, 403, 96, 31.03%, 0, 0, 2, 51.24, 12226, 1341, 0, 0
204, 0, 0, 412, 404, 96, 31.03%, 0, 0, 2, 50.28, 12483, 1341, 0, 0
209, 0, 0, 415, 407, 96, 31.03%, 0, 0, 2, 48.86, 12738, 1341, 0, 0
215, 0, 0, 418, 410, 96, 31.06%, 0, 0, 2, 50.95, 12998, 1342, 0, 0
220, 0, 0, 419, 411, 96, 31.06%, 0, 0, 2, 49.95, 13247, 1342, 0, 0
225, 0, 0, 421, 413, 96, 31.06%, 0, 0, 2, 47.74, 13473, 1342, 0, 0
230, 0, 0, 421, 413, 96, 31.06%, 0, 0, 2, 49.56, 13731, 1342, 0, 0
235, 0, 0, 423, 415, 96, 31.06%, 0, 0, 2, 47.86, 13971, 1342, 0, 0
240, 0, 0, 424, 416, 96, 31.06%, 0, 0, 2, 48.18, 14217, 1342, 0, 0
245, 0, 0, 426, 418, 96, 31.06%, 0, 0, 2, 48.99, 14454, 1342, 0, 0
250, 0, 0, 427, 419, 96, 31.06%, 0, 0, 2, 50.39, 14716, 1342, 0, 0
256, 0, 0, 428, 420, 96, 31.06%, 0, 0, 2, 52.04, 14985, 1342, 0, 0
261, 0, 0, 428, 420, 96, 31.06%, 0, 0, 2, 51.12, 15244, 1342, 0, 0
266, 0, 0, 428, 420, 96, 31.06%, 0, 0, 2, 50.22, 15494, 1342, 0, 0
271, 0, 0, 431, 423, 96, 31.06%, 0, 0, 2, 48.89, 15745, 1342, 0, 0
276, 0, 0, 433, 425, 96, 31.06%, 0, 0, 2, 51.05, 16002, 1342, 0, 0
281, 0, 0, 434, 426, 96, 31.06%, 0, 0, 2, 49.24, 16249, 1342, 0, 0
286, 0, 0, 436, 428, 96, 31.06%, 0, 0, 2, 50.83, 16511, 1342, 0, 0
291, 0, 0, 436, 428, 96, 31.06%, 0, 0, 2, 49.68, 16762, 1342, 0, 0
296, 0, 0, 439, 431, 96, 31.10%, 0, 0, 2, 50.99, 17005, 1344, 0, 0
301, 0, 0, 439, 431, 96, 31.10%, 0, 0, 2, 52.06, 17270, 1344, 0, 0
306, 0, 0, 440, 432, 96, 31.10%, 0, 0, 2, 48.92, 17510, 1344, 0, 0
312, 0, 1, 446, 437, 123, 31.15%, 0, 0, 2, 46.39, 17730, 1346, 0, 0
317, 0, 1, 453, 444, 123, 31.17%, 0, 0, 2, 42.33, 17935, 1347, 0, 0
322, 0, 1, 462, 453, 123, 31.17%, 0, 0, 2, 41.41, 18134, 1347, 0, 0
327, 0, 1, 468, 459, 123, 31.17%, 0, 0, 2, 43.98, 18342, 1347, 0, 0
333, 0, 1, 473, 464, 123, 31.24%, 0, 0, 2, 45.58, 18572, 1350, 0, 0
338, 0, 1, 476, 467, 123, 31.24%, 0, 0, 2, 49.58, 18821, 1350, 0, 0
343, 0, 1, 481, 472, 123, 31.24%, 0, 0, 2, 50.01, 19053, 1350, 0, 0
348, 0, 1, 486, 477, 123, 31.24%, 0, 0, 2, 47.02, 19285, 1350, 0, 0
354, 0, 1, 490, 481, 123, 31.38%, 0, 0, 2, 45.69, 19519, 1356, 0, 0
359, 0, 1, 495, 486, 123, 31.40%, 0, 0, 2, 45.20, 19739, 1357, 0, 0
364, 0, 1, 498, 489, 123, 31.40%, 0, 0, 2, 45.23, 19953, 1357, 0, 0
370, 0, 1, 500, 491, 123, 31.40%, 0, 0, 2, 45.05, 20182, 1357, 0, 0
375, 0, 1, 504, 495, 123, 31.40%, 0, 0, 2, 48.23, 20429, 1357, 0, 0
380, 0, 1, 508, 499, 123, 31.43%, 0, 0, 2, 45.83, 20632, 1358, 0, 0
385, 0, 2, 511, 501, 127, 31.43%, 0, 0, 2, 51.98, 20869, 1358, 0, 0
390, 0, 243, 515, 503, 125, 31.47%, 0, 0, 2, 50.91, 21120, 1360, 0, 0
396, 0, 243, 519, 507, 125, 31.64%, 0, 0, 2, 49.55, 21367, 1367, 0, 0
401, 0, 243, 520, 508, 125, 31.64%, 0, 0, 2, 51.24, 21629, 1367, 0, 0
406, 0, 243, 523, 511, 125, 31.71%, 0, 0, 2, 50.39, 21881, 1370, 0, 0
411, 0, 243, 524, 512, 125, 31.71%, 0, 0, 2, 50.46, 22139, 1370, 0, 0
416, 0, 243, 526, 514, 125, 31.71%, 0, 0, 2, 51.23, 22406, 1370, 0, 0
421, 0, 243, 528, 516, 125, 31.71%, 0, 0, 2, 49.96, 22673, 1370, 0, 0
427, 0, 243, 528, 516, 125, 31.71%, 0, 0, 2, 50.24, 22930, 1370, 0, 0
432, 0, 243, 528, 516, 125, 31.71%, 0, 0, 2, 50.46, 23186, 1370, 0, 0
437, 0, 243, 530, 518, 125, 31.71%, 0, 0, 2, 49.58, 23436, 1370, 0, 0
442, 0, 243, 530, 518, 125, 31.71%, 0, 0, 2, 51.09, 23701, 1370, 0, 0
447, 0, 406, 533, 519, 125, 31.73%, 0, 0, 3, 47.71, 23925, 1371, 0, 0
452, 0, 406, 536, 522, 125, 31.75%, 0, 0, 3, 48.85, 24176, 1372, 0, 0
457, 0, 406, 536, 522, 125, 31.75%, 0, 0, 3, 51.00, 24440, 1372, 0, 0
462, 0, 406, 539, 525, 125, 31.75%, 0, 0, 3, 51.43, 24693, 1372, 0, 0
467, 0, 406, 540, 526, 125, 31.75%, 0, 0, 3, 51.18, 24953, 1372, 0, 0
473, 0, 406, 541, 527, 125, 31.78%, 0, 0, 3, 51.05, 25219, 1373, 0, 0
478, 0, 406, 542, 528, 125, 31.78%, 0, 0, 3, 53.08, 25488, 1373, 0, 0
483, 0, 406, 543, 529, 125, 31.78%, 0, 0, 3, 50.91, 25749, 1373, 0, 0
488, 0, 406, 545, 531, 125, 31.78%, 0, 0, 3, 51.31, 25988, 1373, 0, 0
493, 0, 406, 547, 533, 125, 31.78%, 0, 0, 3, 50.66, 26230, 1373, 0, 0
498, 0, 406, 548, 534, 125, 31.78%, 0, 0, 3, 53.45, 26503, 1373, 0, 0
503, 0, 393, 548, 531, 125, 31.78%, 0, 0, 3, 47.20, 26740, 1373, 0, 0
509, 0, 393, 553, 536, 125, 31.82%, 0, 0, 3, 24.54, 26899, 1375, 0, 0
514, 0, 393, 556, 539, 125, 31.82%, 0, 0, 3, 34.84, 27082, 1375, 0, 0
519, 0, 393, 562, 545, 125, 31.82%, 0, 0, 3, 38.96, 27303, 1375, 0, 0
524, 0, 393, 566, 549, 125, 31.84%, 0, 0, 3, 39.54, 27487, 1376, 0, 0
530, 0, 393, 570, 553, 125, 31.84%, 0, 0, 3, 38.16, 27655, 1376, 0, 0
535, 0, 393, 572, 555, 125, 31.84%, 0, 0, 3, 41.67, 27847, 1376, 0, 0
540, 0, 393, 575, 558, 125, 31.98%, 0, 0, 3, 39.19, 28051, 1382, 0, 0
545, 0, 393, 578, 561, 125, 31.98%, 0, 0, 3, 39.58, 28249, 1382, 0, 0
550, 0, 393, 583, 566, 125, 32.01%, 0, 0, 3, 43.13, 28453, 1383, 0, 0
555, 0, 393, 586, 569, 125, 32.01%, 0, 0, 3, 39.73, 28642, 1383, 0, 0
560, 0, 393, 589, 572, 125, 32.01%, 0, 0, 3, 41.04, 28840, 1383, 0, 0
565, 0, 393, 591, 574, 125, 32.01%, 0, 0, 3, 41.18, 29034, 1383, 0, 0
571, 0, 393, 593, 576, 125, 32.01%, 0, 0, 3, 40.77, 29258, 1383, 0, 0
576, 0, 393, 596, 579, 125, 32.01%, 0, 0, 3, 39.20, 29407, 1383, 0, 0
581, 0, 393, 598, 581, 125, 32.01%, 0, 0, 3, 41.50, 29617, 1383, 0, 0
587, 0, 393, 600, 583, 125, 32.01%, 0, 0, 3, 40.25, 29812, 1383, 0, 0
593, 0, 507, 602, 582, 126, 32.01%, 0, 0, 3, 45.25, 30072, 1383, 0, 0
598, 0, 140, 603, 581, 125, 32.01%, 0, 0, 3, 45.75, 30294, 1383, 0, 0
603, 0, 563, 606, 582, 123, 32.01%, 0, 0, 4, 38.68, 30455, 1383, 0, 0
608, 0, 563, 607, 583, 123, 32.01%, 0, 0, 4, 28.24, 30587, 1383, 0, 0
613, 0, 563, 607, 583, 123, 32.01%, 0, 0, 4, 26.05, 30710, 1383, 0, 0
618, 0, 563, 607, 583, 123, 32.01%, 0, 0, 4, 28.43, 30854, 1383, 0, 0
623, 0, 563, 607, 583, 123, 32.01%, 0, 0, 4, 45.96, 31069, 1383, 0, 0
628, 0, 563, 608, 584, 123, 32.01%, 0, 0, 4, 49.23, 31366, 1383, 0, 0
633, 0, 10, 608, 583, 123, 32.01%, 0, 0, 4, 44.16, 31588, 1383, 0, 0
638, 0, 551, 610, 583, 121, 32.01%, 0, 0, 4, 40.40, 31789, 1383, 0, 0
643, 0, 551, 612, 585, 121, 32.01%, 0, 0, 4, 38.27, 31972, 1383, 0, 0
649, 0, 551, 614, 587, 121, 32.03%, 0, 0, 4, 38.49, 32157, 1384, 0, 0
654, 0, 551, 616, 589, 121, 32.03%, 0, 0, 4, 37.95, 32327, 1384, 0, 0
659, 0, 551, 617, 590, 121, 32.03%, 0, 0, 4, 37.86, 32506, 1384, 0, 0
664, 0, 551, 617, 590, 121, 32.03%, 0, 0, 4, 37.75, 32695, 1384, 0, 0
669, 0, 551, 617, 590, 121, 32.03%, 0, 0, 4, 39.06, 32897, 1384, 0, 0
674, 0, 551, 617, 590, 121, 32.03%, 0, 0, 4, 39.27, 33096, 1384, 0, 0
679, 0, 551, 620, 593, 121, 32.03%, 0, 0, 4, 35.67, 33252, 1384, 0, 0
684, 0, 551, 621, 594, 121, 32.03%, 0, 0, 4, 36.99, 33444, 1384, 0, 0
689, 0, 551, 622, 595, 121, 32.05%, 0, 0, 4, 37.13, 33628, 1385, 0, 0
695, 0, 551, 622, 595, 121, 32.05%, 0, 0, 4, 38.15, 33825, 1385, 0, 0
700, 0, 551, 623, 596, 121, 32.05%, 0, 0, 4, 36.72, 33998, 1385, 0, 0
705, 0, 551, 623, 596, 121, 32.05%, 0, 0, 4, 37.53, 34199, 1385, 0, 0
710, 0, 551, 624, 597, 121, 32.05%, 0, 0, 4, 37.70, 34383, 1385, 0, 0
716, 0, 391, 624, 592, 120, 32.05%, 0, 0, 4, 45.87, 34653, 1385, 0, 0
721, 0, 364, 627, 592, 118, 32.15%, 0, 0, 4, 49.20, 34922, 1389, 0, 0
726, 0, 543, 629, 592, 116, 32.15%, 0, 0, 4, 39.81, 35065, 1389, 0, 0
731, 0, 21, 630, 592, 116, 32.15%, 0, 0, 4, 21.86, 35159, 1389, 0, 0
737, 0, 71, 631, 587, 111, 32.17%, 0, 0, 4, 43.51, 35420, 1390, 0, 0
742, 0, 108, 633, 587, 109, 32.17%, 0, 0, 4, 36.19, 35604, 1390, 0, 0
747, 0, 108, 638, 592, 109, 32.17%, 0, 0, 4, 28.97, 35727, 1390, 0, 0
752, 0, 108, 642, 596, 109, 32.17%, 0, 0, 4, 25.61, 35838, 1390, 0, 0
758, 0, 108, 649, 603, 109, 32.17%, 0, 0, 4, 23.60, 35954, 1390, 0, 0
763, 0, 108, 653, 607, 109, 32.19%, 0, 0, 4, 25.57, 36094, 1391, 0, 0
768, 0, 108, 658, 612, 109, 32.19%, 0, 0, 4, 25.90, 36231, 1391, 0, 0
774, 0, 108, 660, 614, 109, 32.19%, 0, 0, 4, 27.39, 36361, 1391, 0, 0
779, 0, 108, 665, 619, 109, 32.19%, 0, 0, 4, 25.60, 36471, 1391, 0, 0
784, 0, 108, 670, 624, 109, 32.19%, 0, 0, 4, 26.97, 36603, 1391, 0, 0
789, 0, 108, 671, 625, 109, 32.19%, 0, 0, 4, 25.60, 36731, 1391, 0, 0
794, 0, 108, 672, 626, 109, 32.19%, 0, 0, 4, 26.47, 36859, 1391, 0, 0
799, 0, 108, 674, 628, 109, 32.21%, 0, 0, 4, 25.90, 36987, 1392, 0, 0
804, 0, 108, 674, 628, 109, 32.21%, 0, 0, 4, 27.48, 37127, 1392, 0, 0
810, 0, 108, 676, 630, 109, 32.21%, 0, 0, 4, 27.16, 37267, 1392, 0, 0
815, 0, 108, 679, 633, 109, 32.21%, 0, 0, 4, 25.78, 37391, 1392, 0, 0
820, 0, 108, 683, 637, 109, 32.21%, 0, 0, 4, 25.92, 37515, 1392, 0, 0
825, 0, 627, 685, 635, 110, 32.26%, 0, 0, 4, 37.26, 37738, 1394, 0, 0
830, 0, 627, 685, 635, 110, 32.26%, 0, 0, 4, 14.33, 37820, 1394, 0, 0
835, 0, 173, 685, 630, 106, 32.26%, 0, 0, 4, 36.09, 38044, 1394, 0, 0
841, 0, 520, 686, 625, 100, 32.26%, 0, 0, 4, 45.60, 38301, 1394, 0, 0
846, 0, 511, 686, 621, 96, 32.26%, 0, 0, 4, 46.15, 38532, 1394, 0, 0
851, 0, 232, 689, 621, 94, 32.35%, 0, 0, 4, 46.58, 38765, 1398, 0, 0
856, 0, 66, 689, 617, 91, 32.35%, 0, 0, 4, 45.42, 39002, 1398, 0, 0
861, 0, 237, 690, 614, 87, 32.35%, 0, 0, 4, 47.22, 39241, 1398, 0, 0
867, 0, 372, 691, 611, 84, 32.38%, 0, 0, 4, 47.52, 39534, 1399, 0, 0
872, 0, 687, 691, 609, 82, 32.38%, 0, 0, 4, 43.53, 39745, 1399, 0, 0
877, 0, 266, 691, 606, 79, 32.38%, 0, 0, 4, 42.90, 39967, 1399, 0, 0
883, 0, 104, 691, 603, 76, 32.38%, 0, 0, 4, 40.06, 40183, 1399, 0, 0
888, 0, 104, 695, 607, 76, 32.38%, 0, 0, 4, 37.95, 40380, 1399, 0, 0
893, 0, 104, 698, 610, 76, 32.38%, 0, 0, 4, 35.89, 40562, 1399, 0, 0
898, 0, 104, 698, 610, 76, 32.38%, 0, 0, 4, 36.81, 40746, 1399, 0, 0
903, 0, 104, 699, 611, 76, 32.38%, 0, 0, 4, 34.85, 40926, 1399, 0, 0
908, 0, 104, 701, 613, 76, 32.38%, 0, 0, 4, 34.65, 41099, 1399, 0, 0
913, 0, 104, 701, 613, 76, 32.38%, 0, 0, 4, 34.51, 41275, 1399, 0, 0
918, 0, 104, 702, 614, 76, 32.38%, 0, 0, 4, 33.77, 41446, 1399, 0, 0
923, 0, 104, 703, 615, 76, 32.40%, 0, 0, 4, 36.15, 41635, 1400, 0, 0
928, 0, 104, 704, 616, 76, 32.40%, 0, 0, 4, 34.46, 41811, 1400, 0, 0
933, 0, 104, 704, 616, 76, 32.40%, 0, 0, 4, 35.68, 41987, 1400, 0, 0
939, 0, 104, 705, 617, 76, 32.40%, 0, 0, 4, 34.58, 42160, 1400, 0, 0
944, 0, 104, 708, 620, 76, 32.40%, 0, 0, 4, 34.31, 42330, 1400, 0, 0
949, 0, 104, 708, 620, 76, 32.40%, 0, 0, 4, 34.66, 42508, 1400, 0, 0
954, 0, 104, 709, 621, 76, 32.40%, 0, 0, 4, 35.83, 42696, 1400, 0, 0
959, 0, 104, 710, 622, 76, 32.40%, 0, 0, 4, 33.04, 42859, 1400, 0, 0
964, 0, 104, 712, 624, 76, 32.40%, 0, 0, 4, 32.98, 43022, 1400, 0, 0
969, 0, 515, 713, 620, 73, 32.45%, 0, 0, 4, 42.78, 43267, 1402, 0, 0
974, 0, 624, 714, 618, 71, 32.45%, 0, 0, 4, 48.26, 43527, 1402, 0, 0
980, 0, 343, 715, 617, 70, 32.54%, 0, 0, 4, 44.93, 43750, 1406, 0, 0
985, 0, 307, 716, 614, 67, 32.54%, 0, 0, 4, 48.31, 43987, 1406, 0, 0
990, 0, 631, 717, 613, 65, 32.54%, 0, 0, 4, 36.88, 44142, 1406, 0, 0
995, 0, 631, 718, 614, 65, 32.59%, 0, 0, 4, 26.94, 44265, 1408, 0, 0
1000, 0, 631, 719, 615, 65, 32.61%, 0, 0, 4, 26.45, 44385, 1409, 0, 0
1005, 0, 631, 722, 618, 65, 32.79%, 0, 0, 4, 24.18, 44504, 1417, 0, 0
1010, 0, 631, 722, 618, 65, 32.79%, 0, 0, 4, 23.33, 44624, 1417, 0, 0
1015, 0, 631, 722, 618, 65, 32.79%, 0, 0, 4, 23.24, 44744, 1417, 0, 0
1020, 0, 631, 723, 619, 65, 32.79%, 0, 0, 4, 23.18, 44861, 1417, 0, 0
1026, 0, 631, 726, 622, 65, 32.82%, 0, 0, 4, 35.04, 45038, 1418, 0, 0
1031, 0, 631, 726, 622, 65, 32.82%, 0, 0, 4, 46.81, 45299, 1418, 0, 0
1036, 0, 631, 726, 622, 65, 32.82%, 0, 0, 4, 28.21, 45419, 1418, 0, 0
1041, 0, 631, 726, 622, 65, 32.82%, 0, 0, 4, 37.99, 45592, 1418, 0, 0
1046, 0, 631, 727, 623, 65, 32.82%, 0, 0, 4, 35.30, 45797, 1418, 0, 0
1051, 0, 631, 729, 625, 65, 32.82%, 0, 0, 4, 26.83, 45916, 1418, 0, 0
1056, 0, 631, 730, 626, 65, 32.82%, 0, 0, 4, 24.72, 46037, 1418, 0, 0
1061, 0, 631, 731, 627, 65, 32.84%, 0, 0, 4, 24.99, 46164, 1419, 0, 0
1067, 0, 631, 732, 628, 65, 32.84%, 0, 0, 4, 25.05, 46290, 1419, 0, 0
1072, 0, 631, 733, 629, 65, 32.84%, 0, 0, 4, 25.40, 46414, 1419, 0, 0
1077, 0, 631, 734, 630, 65, 32.84%, 0, 0, 4, 24.94, 46540, 1419, 0, 0
1082, 0, 631, 735, 631, 65, 32.84%, 0, 0, 4, 25.14, 46663, 1419, 0, 0
1087, 0, 631, 736, 632, 65, 32.84%, 0, 0, 4, 25.69, 46797, 1419, 0, 0
1092, 0, 631, 738, 634, 65, 32.84%, 0, 0, 4, 24.35, 46914, 1419, 0, 0
1097, 0, 631, 739, 635, 65, 32.84%, 0, 0, 4, 24.14, 47035, 1419, 0, 0
1102, 0, 631, 739, 635, 65, 32.84%, 0, 0, 4, 24.85, 47164, 1419, 0, 0
1108, 0, 631, 740, 636, 65, 32.84%, 0, 0, 4, 24.52, 47290, 1419, 0, 0
1113, 0, 631, 741, 637, 65, 32.84%, 0, 0, 4, 25.29, 47415, 1419, 0, 0
1118, 0, 631, 742, 638, 65, 32.84%, 0, 0, 4, 25.40, 47542, 1419, 0, 0
1123, 0, 631, 742, 638, 65, 32.84%, 0, 0, 4, 25.38, 47668, 1419, 0, 0
1128, 0, 631, 742, 638, 65, 32.84%, 0, 0, 4, 24.68, 47794, 1419, 0, 0
1133, 0, 631, 742, 638, 65, 32.84%, 0, 0, 4, 24.83, 47924, 1419, 0, 0
1138, 0, 631, 742, 638, 65, 32.84%, 0, 0, 4, 24.39, 48049, 1419, 0, 0
1143, 0, 631, 742, 638, 65, 32.84%, 0, 0, 4, 23.63, 48167, 1419, 0, 0
1148, 0, 631, 743, 639, 65, 32.84%, 0, 0, 4, 24.96, 48298, 1419, 0, 0
1153, 0, 631, 745, 641, 65, 32.84%, 0, 0, 4, 24.82, 48426, 1419, 0, 0
1159, 0, 631, 745, 641, 65, 32.84%, 0, 0, 4, 24.12, 48551, 1419, 0, 0
1164, 0, 631, 745, 641, 65, 32.84%, 0, 0, 4, 25.88, 48686, 1419, 0, 0
1169, 0, 631, 746, 642, 65, 32.84%, 0, 0, 4, 25.22, 48823, 1419, 0, 0
1175, 0, 631, 747, 643, 65, 32.84%, 0, 0, 4, 26.55, 48957, 1419, 0, 0
1180, 0, 631, 747, 643, 65, 32.84%, 0, 0, 4, 26.04, 49087, 1419, 0, 0
1185, 0, 631, 747, 643, 65, 32.84%, 0, 0, 4, 25.89, 49214, 1419, 0, 0
1190, 0, 631, 747, 643, 65, 32.84%, 0, 0, 4, 25.80, 49347, 1419, 0, 0
1195, 0, 631, 747, 643, 65, 32.84%, 0, 0, 4, 25.13, 49473, 1419, 0, 0
1200, 0, 631, 747, 643, 65, 32.84%, 0, 0, 4, 26.35, 49606, 1419, 0, 0
1205, 0, 631, 748, 644, 65, 32.98%, 0, 0, 4, 25.04, 49733, 1425, 0, 0
1210, 0, 631, 748, 644, 65, 32.98%, 0, 0, 4, 25.02, 49860, 1425, 0, 0
1215, 0, 631, 748, 644, 65, 32.98%, 0, 0, 4, 25.20, 49988, 1425, 0, 0
1220, 0, 631, 748, 644, 65, 32.98%, 0, 0, 4, 25.44, 50113, 1425, 0, 0
1225, 0, 631, 748, 644, 65, 32.98%, 0, 0, 4, 26.04, 50243, 1425, 0, 0
1231, 0, 631, 748, 644, 65, 32.98%, 0, 0, 4, 24.57, 50368, 1425, 0, 0
1236, 0, 631, 748, 644, 65, 32.98%, 0, 0, 4, 24.64, 50493, 1425, 0, 0
1241, 0, 631, 749, 645, 65, 32.98%, 0, 0, 4, 24.57, 50609, 1425, 0, 0
1246, 0, 631, 749, 645, 65, 32.98%, 0, 0, 4, 24.98, 50736, 1425, 0, 0
1251, 0, 631, 749, 645, 65, 32.98%, 0, 0, 4, 24.53, 50866, 1425, 0, 0
1256, 0, 631, 749, 645, 65, 32.98%, 0, 0, 4, 25.66, 50997, 1425, 0, 0
1261, 0, 631, 751, 647, 65, 32.98%, 0, 0, 4, 25.20, 51127, 1425, 0, 0
1267, 0, 631, 751, 647, 65, 32.98%, 0, 0, 4, 25.83, 51261, 1425, 0, 0
1272, 0, 631, 751, 647, 65, 32.98%, 0, 0, 4, 26.64, 51396, 1425, 0, 0
1277, 0, 631, 751, 647, 65, 32.98%, 0, 0, 4, 24.64, 51519, 1425, 0, 0
1282, 0, 631, 752, 648, 65, 32.98%, 0, 0, 4, 24.87, 51646, 1425, 0, 0
1287, 0, 631, 753, 648, 64, 32.98%, 0, 0, 4, 38.38, 51861, 1425, 0, 0
1293, 0, 631, 762, 657, 64, 33.07%, 0, 0, 4, 36.47, 52042, 1429, 0, 0
1298, 0, 631, 774, 669, 64, 33.09%, 0, 0, 4, 37.31, 52236, 1430, 0, 0
1303, 0, 631, 784, 679, 64, 33.09%, 0, 0, 4, 34.59, 52386, 1430, 0, 0
1309, 0, 631, 796, 691, 64, 33.12%, 0, 0, 4, 32.79, 52537, 1431, 0, 0
1314, 0, 631, 804, 699, 64, 33.12%, 0, 0, 4, 27.68, 52652, 1431, 0, 0
1319, 0, 631, 810, 705, 64, 33.12%, 0, 0, 4, 24.62, 52745, 1431, 0, 0
1325, 0, 631, 822, 717, 64, 33.12%, 0, 0, 4, 30.63, 52902, 1431, 0, 0
1330, 0, 631, 838, 733, 64, 33.49%, 0, 0, 4, 32.31, 53074, 1447, 0, 0
1335, 0, 631, 851, 746, 64, 33.97%, 0, 0, 4, 31.23, 53224, 1468, 0, 0
1340, 0, 631, 865, 760, 64, 34.14%, 0, 0, 4, 33.57, 53394, 1475, 0, 0
1345, 0, 487, 872, 766, 94, 34.14%, 0, 0, 4, 30.74, 53552, 1475, 0, 0
1351, 0, 579, 873, 765, 91, 34.14%, 0, 0, 4, 29.54, 53677, 1475, 0, 0
1356, 0, 842, 875, 764, 90, 34.23%, 0, 0, 4, 40.19, 53907, 1479, 0, 0
1361, 0, 619, 876, 762, 89, 34.25%, 0, 0, 4, 43.92, 54129, 1480, 0, 0
1366, 0, 828, 876, 758, 85, 34.25%, 0, 0, 4, 45.03, 54348, 1480, 0, 0
1371, 0, 718, 878, 758, 85, 34.53%, 0, 0, 4, 41.41, 54571, 1492, 0, 0
1376, 0, 718, 878, 758, 85, 34.53%, 0, 0, 4, 30.63, 54694, 1492, 0, 0
1381, 0, 718, 878, 758, 85, 34.53%, 0, 0, 4, 24.23, 54809, 1492, 0, 0
1386, 0, 215, 879, 757, 84, 34.55%, 0, 0, 4, 35.66, 55033, 1493, 0, 0
1391, 0, 386, 880, 755, 82, 34.55%, 0, 0, 4, 42.91, 55266, 1493, 0, 0
1396, 0, 690, 881, 753, 79, 34.55%, 0, 0, 4, 46.73, 55509, 1493, 0, 0
1402, 0, 521, 881, 748, 75, 34.55%, 0, 0, 4, 48.61, 55772, 1493, 0, 0
1407, 0, 721, 881, 747, 74, 34.55%, 0, 0, 4, 36.89, 55921, 1493, 0, 0
1412, 0, 721, 882, 748, 74, 34.58%, 0, 0, 4, 26.69, 56040, 1494, 0, 0
1419, 0, 862, 882, 746, 73, 34.58%, 0, 0, 4, 25.06, 56220, 1494, 0, 0
1424, 0, 862, 882, 746, 73, 34.58%, 0, 0, 4, 23.45, 56335, 1494, 0, 0
1429, 0, 719, 882, 745, 72, 34.58%, 0, 0, 4, 22.41, 56448, 1494, 0, 0
1434, 0, 719, 882, 745, 72, 34.58%, 0, 0, 4, 22.91, 56572, 1494, 0, 0
1439, 0, 719, 882, 745, 72, 34.58%, 0, 0, 4, 23.01, 56688, 1494, 0, 0
1444, 0, 621, 882, 741, 68, 34.58%, 0, 0, 4, 34.87, 56902, 1494, 0, 0
1450, 0, 621, 884, 743, 68, 34.64%, 0, 0, 5, 28.57, 57030, 1497, 0, 0
1455, 0, 702, 884, 739, 65, 34.64%, 0, 0, 5, 44.87, 57298, 1497, 0, 0
1460, 0, 345, 884, 738, 64, 34.64%, 0, 0, 5, 40.19, 57491, 1497, 0, 0
1465, 0, 717, 884, 737, 63, 34.64%, 0, 0, 5, 31.26, 57626, 1497, 0, 0
1470, 0, 717, 884, 737, 63, 34.64%, 0, 0, 5, 25.34, 57744, 1497, 0, 0
1476, 0, 729, 884, 736, 62, 34.64%, 0, 0, 5, 23.07, 57861, 1497, 0, 0
1480, 0, 175, 885, 735, 61, 34.64%, 0, 0, 5, 32.85, 58036, 1497, 0, 0
1542, 0, 573, 940, 790, 61, 35.08%, 0, 0, 5, 31.93, 59698, 1516, 0, 0
1547, 0, 573, 941, 791, 61, 35.08%, 0, 0, 5, 30.54, 59857, 1516, 0, 0
1552, 0, 573, 943, 793, 61, 35.13%, 0, 0, 5, 31.27, 60008, 1518, 0, 0
1557, 0, 573, 943, 793, 61, 35.13%, 0, 0, 5, 30.26, 60158, 1518, 0, 0
1562, 0, 573, 945, 795, 61, 35.13%, 0, 0, 5, 31.52, 60317, 1518, 0, 0
1567, 0, 573, 945, 795, 61, 35.13%, 0, 0, 5, 31.27, 60477, 1518, 0, 0
1572, 0, 573, 946, 796, 61, 35.13%, 0, 0, 5, 30.81, 60629, 1518, 0, 0
1578, 0, 573, 947, 797, 61, 35.13%, 0, 0, 5, 29.32, 60763, 1518, 0, 0
1583, 0, 573, 947, 797, 61, 35.13%, 0, 0, 5, 30.13, 60920, 1518, 0, 0
1588, 0, 573, 947, 797, 61, 35.13%, 0, 0, 5, 32.46, 61085, 1518, 0, 0
1593, 0, 573, 947, 797, 61, 35.13%, 0, 0, 5, 30.50, 61241, 1518, 0, 0
1598, 0, 573, 947, 797, 61, 35.13%, 0, 0, 5, 30.86, 61406, 1518, 0, 0
1603, 0, 573, 947, 797, 61, 35.13%, 0, 0, 5, 29.98, 61556, 1518, 0, 0
1608, 0, 573, 947, 797, 61, 35.13%, 0, 0, 5, 32.06, 61718, 1518, 0, 0
1613, 0, 573, 947, 797, 61, 35.13%, 0, 0, 5, 29.71, 61865, 1518, 0, 0
1618, 0, 573, 947, 797, 61, 35.13%, 0, 0, 5, 31.53, 62030, 1518, 0, 0
1624, 0, 573, 948, 798, 61, 35.13%, 0, 0, 5, 30.94, 62180, 1518, 0, 0
1629, 0, 573, 948, 798, 61, 35.13%, 0, 0, 5, 29.81, 62326, 1518, 0, 0
1634, 0, 573, 948, 798, 61, 35.13%, 0, 0, 5, 30.30, 62478, 1518, 0, 0
1639, 0, 573, 949, 799, 61, 35.13%, 0, 0, 5, 29.04, 62619, 1518, 0, 0
1644, 0, 573, 949, 799, 61, 35.13%, 0, 0, 5, 29.68, 62774, 1518, 0, 0
1649, 0, 573, 949, 799, 61, 35.13%, 0, 0, 5, 31.06, 62932, 1518, 0, 0
1654, 0, 573, 949, 799, 61, 35.13%, 0, 0, 5, 32.18, 63093, 1518, 0, 0
1659, 0, 573, 950, 800, 61, 35.13%, 0, 0, 5, 30.05, 63234, 1518, 0, 0
1665, 0, 573, 952, 802, 61, 35.18%, 0, 0, 5, 31.71, 63384, 1520, 0, 0
1670, 0, 573, 952, 802, 61, 35.18%, 0, 0, 5, 29.59, 63533, 1520, 0, 0
1675, 0, 573, 954, 804, 61, 35.18%, 0, 0, 5, 29.77, 63677, 1520, 0, 0
1680, 0, 573, 954, 804, 61, 35.18%, 0, 0, 5, 29.02, 63830, 1520, 0, 0
1685, 0, 573, 954, 804, 61, 35.18%, 0, 0, 5, 30.50, 63987, 1520, 0, 0
1690, 0, 573, 954, 804, 61, 35.18%, 0, 0, 5, 28.99, 64133, 1520, 0, 0
1695, 0, 573, 954, 804, 61, 35.18%, 0, 0, 5, 29.94, 64285, 1520, 0, 0
1701, 0, 573, 954, 804, 61, 35.18%, 0, 0, 5, 32.12, 64450, 1520, 0, 0
1706, 0, 573, 955, 805, 61, 35.18%, 0, 0, 5, 29.31, 64590, 1520, 0, 0
1711, 0, 573, 955, 805, 61, 35.18%, 0, 0, 5, 30.38, 64751, 1520, 0, 0
1716, 0, 573, 955, 805, 61, 35.18%, 0, 0, 5, 31.70, 64912, 1520, 0, 0
1721, 0, 573, 955, 805, 61, 35.18%, 0, 0, 5, 29.74, 65062, 1520, 0, 0
1726, 0, 573, 955, 805, 61, 35.18%, 0, 0, 5, 32.01, 65225, 1520, 0, 0
1731, 0, 573, 956, 806, 61, 35.18%, 0, 0, 5, 31.93, 65375, 1520, 0, 0
1736, 0, 573, 956, 806, 61, 35.18%, 0, 0, 5, 31.70, 65537, 1520, 0, 0
1742, 0, 573, 956, 806, 61, 35.18%, 0, 0, 5, 29.92, 65687, 1520, 0, 0
1747, 0, 573, 956, 806, 61, 35.18%, 0, 0, 5, 29.29, 65835, 1520, 0, 0
1752, 0, 573, 958, 808, 61, 35.18%, 0, 0, 5, 26.90, 65954, 1520, 0, 0
1757, 0, 573, 958, 808, 61, 35.18%, 0, 0, 5, 29.48, 66108, 1520, 0, 0
1762, 0, 573, 958, 808, 61, 35.18%, 0, 0, 5, 31.36, 66272, 1520, 0, 0
1767, 0, 573, 958, 808, 61, 35.18%, 0, 0, 5, 29.47, 66416, 1520, 0, 0
1772, 0, 573, 960, 810, 61, 35.18%, 0, 0, 5, 29.78, 66556, 1520, 0, 0
1778, 0, 573, 960, 810, 61, 35.18%, 0, 0, 5, 30.39, 66714, 1520, 0, 0
1783, 0, 573, 961, 811, 61, 35.18%, 0, 0, 5, 30.39, 66874, 1520, 0, 0
1788, 0, 573, 963, 813, 61, 35.18%, 0, 0, 5, 29.55, 67017, 1520, 0, 0
1793, 0, 573, 964, 814, 61, 35.18%, 0, 0, 5, 30.03, 67165, 1520, 0, 0
1798, 0, 573, 964, 814, 61, 35.18%, 0, 0, 5, 29.21, 67315, 1520, 0, 0
1803, 0, 573, 964, 814, 61, 35.18%, 0, 0, 5, 29.42, 67461, 1520, 0, 0
1808, 0, 573, 964, 814, 61, 35.18%, 0, 0, 5, 29.89, 67617, 1520, 0, 0
1813, 0, 573, 964, 814, 61, 35.18%, 0, 0, 5, 30.19, 67767, 1520, 0, 0
1819, 0, 573, 964, 814, 61, 35.18%, 0, 0, 5, 31.89, 67931, 1520, 0, 0
1824, 0, 573, 964, 814, 61, 35.18%, 0, 0, 5, 29.52, 68079, 1520, 0, 0
1829, 0, 573, 964, 814, 61, 35.18%, 0, 0, 5, 29.51, 68227, 1520, 0, 0
1834, 0, 573, 965, 815, 61, 35.18%, 0, 0, 5, 27.44, 68357, 1520, 0, 0
1839, 0, 573, 966, 816, 61, 35.18%, 0, 0, 5, 28.30, 68496, 1520, 0, 0
1844, 0, 573, 966, 816, 61, 35.18%, 0, 0, 5, 27.94, 68637, 1520, 0, 0
1849, 0, 573, 966, 816, 61, 35.18%, 0, 0, 5, 28.15, 68784, 1520, 0, 0
1854, 0, 573, 966, 816, 61, 35.18%, 0, 0, 5, 31.88, 68951, 1520, 0, 0
1859, 0, 573, 966, 816, 61, 35.18%, 0, 0, 5, 30.18, 69112, 1520, 0, 0
1864, 0, 573, 966, 816, 61, 35.18%, 0, 0, 5, 28.68, 69255, 1520, 0, 0
1869, 0, 573, 966, 816, 61, 35.18%, 0, 0, 5, 29.34, 69403, 1520, 0, 0
1874, 0, 573, 966, 816, 61, 35.18%, 0, 0, 5, 30.97, 69562, 1520, 0, 0
1880, 0, 573, 966, 816, 61, 35.18%, 0, 0, 5, 28.37, 69703, 1520, 0, 0
1885, 0, 573, 966, 816, 61, 35.18%, 0, 0, 5, 28.95, 69846, 1520, 0, 0
1890, 0, 573, 966, 816, 61, 35.18%, 0, 0, 5, 30.35, 70005, 1520, 0, 0
1895, 0, 573, 966, 816, 61, 35.18%, 0, 0, 5, 29.34, 70151, 1520, 0, 0
1900, 0, 573, 966, 816, 61, 35.18%, 0, 0, 5, 29.51, 70301, 1520, 0, 0
1905, 0, 573, 966, 816, 61, 35.18%, 0, 0, 5, 30.48, 70460, 1520, 0, 0
1910, 0, 573, 966, 816, 61, 35.18%, 0, 0, 5, 31.21, 70620, 1520, 0, 0
1915, 0, 573, 967, 817, 61, 35.18%, 0, 0, 5, 31.58, 70770, 1520, 0, 0
1920, 0, 573, 967, 817, 61, 35.18%, 0, 0, 5, 31.95, 70931, 1520, 0, 0
1926, 0, 573, 967, 817, 61, 35.18%, 0, 0, 5, 31.89, 71093, 1520, 0, 0
1931, 0, 573, 967, 817, 61, 35.18%, 0, 0, 5, 33.49, 71265, 1520, 0, 0
1936, 0, 573, 967, 817, 61, 35.18%, 0, 0, 5, 29.48, 71409, 1520, 0, 0
1941, 0, 573, 967, 817, 61, 35.18%, 0, 0, 5, 28.14, 71550, 1520, 0, 0
1946, 0, 573, 967, 817, 61, 35.18%, 0, 0, 5, 29.64, 71699, 1520, 0, 0
1951, 0, 573, 967, 817, 61, 35.18%, 0, 0, 5, 30.71, 71857, 1520, 0, 0
1956, 0, 573, 967, 817, 61, 35.18%, 0, 0, 5, 30.97, 72013, 1520, 0, 0
1961, 0, 885, 967, 816, 52, 35.18%, 0, 0, 5, 28.00, 72149, 1520, 0, 0
1967, 0, 885, 967, 816, 52, 35.18%, 0, 0, 5, 23.82, 72264, 1520, 0, 0
1972, 0, 885, 967, 816, 52, 35.18%, 0, 0, 5, 22.48, 72378, 1520, 0, 0
1977, 0, 885, 968, 817, 52, 35.18%, 0, 0, 5, 23.02, 72501, 1520, 0, 0
1982, 0, 885, 969, 818, 52, 35.18%, 0, 0, 5, 22.24, 72609, 1520, 0, 0
1987, 0, 885, 970, 819, 52, 35.18%, 0, 0, 5, 20.61, 72709, 1520, 0, 0
1992, 0, 885, 970, 819, 52, 35.18%, 0, 0, 5, 22.95, 72824, 1520, 0, 0
1998, 0, 885, 971, 820, 52, 35.18%, 0, 0, 5, 23.00, 72948, 1520, 0, 0
2003, 0, 885, 971, 820, 52, 35.18%, 0, 0, 5, 22.75, 73062, 1520, 0, 0
2008, 0, 885, 971, 820, 52, 35.18%, 0, 0, 5, 24.00, 73185, 1520, 0, 0
2013, 0, 885, 971, 820, 52, 35.18%, 0, 0, 5, 24.32, 73311, 1520, 0, 0
2018, 0, 885, 971, 820, 52, 35.18%, 0, 0, 5, 23.08, 73433, 1520, 0, 0
2024, 0, 885, 971, 820, 52, 35.18%, 0, 0, 5, 25.24, 73566, 1520, 0, 0
2029, 0, 885, 971, 820, 52, 35.18%, 0, 0, 5, 25.90, 73700, 1520, 0, 0
2034, 0, 885, 972, 821, 52, 35.18%, 0, 0, 5, 24.45, 73812, 1520, 0, 0
2039, 0, 885, 972, 821, 52, 35.18%, 0, 0, 5, 24.77, 73940, 1520, 0, 0
2044, 0, 885, 972, 821, 52, 35.18%, 0, 0, 5, 24.38, 74065, 1520, 0, 0
2049, 0, 885, 972, 821, 52, 35.18%, 0, 0, 5, 24.74, 74187, 1520, 0, 0
2054, 0, 885, 972, 821, 52, 35.18%, 0, 0, 5, 25.43, 74319, 1520, 0, 0
2059, 0, 885, 973, 822, 52, 35.18%, 0, 0, 5, 23.88, 74435, 1520, 0, 0
2065, 0, 885, 974, 823, 52, 35.22%, 0, 0, 5, 23.10, 74546, 1522, 0, 0
2070, 0, 885, 974, 823, 52, 35.22%, 0, 0, 5, 23.64, 74666, 1522, 0, 0
2075, 0, 885, 974, 823, 52, 35.22%, 0, 0, 5, 22.78, 74784, 1522, 0, 0
2080, 0, 885, 975, 824, 52, 35.22%, 0, 0, 5, 24.73, 74912, 1522, 0, 0
2085, 0, 885, 975, 824, 52, 35.22%, 0, 0, 5, 23.62, 75032, 1522, 0, 0
2090, 0, 885, 976, 825, 52, 35.22%, 0, 0, 5, 23.17, 75147, 1522, 0, 0
2095, 0, 885, 977, 826, 52, 35.22%, 0, 0, 5, 23.38, 75267, 1522, 0, 0
2098, 0, 885, 977, 826, 52, 35.22%, 0, 0, 5, 23.57, 75347, 1522, 0, 0
