# relative_time, cycles_done, cur_item, corpus_count, pending_total, pending_favs, map_size, saved_crashes, saved_hangs, max_depth, execs_per_sec, total_execs, edges_found, total_crashes, servers_count
61, 0, 0, 656, 242, 70, 28.36%, 0, 0, 2, 57.06, 7462, 1121, 0, 0
66, 0, 0, 659, 245, 70, 28.36%, 0, 0, 2, 56.95, 7747, 1121, 0, 0
71, 0, 135, 664, 248, 77, 28.36%, 0, 0, 2, 50.63, 8002, 1121, 0, 0
76, 0, 135, 673, 257, 77, 28.41%, 0, 0, 2, 41.99, 8187, 1123, 0, 0
81, 0, 135, 680, 264, 77, 28.43%, 0, 0, 2, 38.45, 8370, 1124, 0, 0
86, 0, 135, 688, 272, 77, 28.43%, 0, 0, 2, 36.16, 8550, 1124, 0, 0
91, 0, 135, 691, 275, 77, 28.43%, 0, 0, 2, 36.89, 8736, 1124, 0, 0
97, 0, 135, 691, 275, 77, 28.43%, 0, 0, 2, 37.34, 8928, 1124, 0, 0
102, 0, 135, 694, 278, 77, 28.43%, 0, 0, 2, 36.60, 9109, 1124, 0, 0
107, 0, 135, 694, 278, 77, 28.43%, 0, 0, 2, 37.69, 9301, 1124, 0, 0
112, 0, 135, 694, 278, 77, 28.43%, 0, 0, 2, 37.39, 9493, 1124, 0, 0
117, 0, 135, 699, 283, 77, 28.43%, 0, 0, 2, 37.36, 9683, 1124, 0, 0
122, 0, 135, 703, 287, 77, 28.43%, 0, 0, 2, 37.53, 9872, 1124, 0, 0
127, 0, 135, 703, 287, 77, 28.43%, 0, 0, 2, 37.57, 10064, 1124, 0, 0
132, 0, 135, 709, 293, 77, 28.43%, 0, 0, 2, 37.30, 10249, 1124, 0, 0
137, 0, 135, 714, 298, 77, 28.43%, 0, 0, 2, 36.85, 10437, 1124, 0, 0
142, 0, 135, 716, 300, 77, 28.43%, 0, 0, 2, 36.34, 10623, 1124, 0, 0
147, 0, 135, 717, 301, 77, 28.43%, 0, 0, 2, 37.32, 10811, 1124, 0, 0
152, 0, 135, 717, 301, 77, 28.43%, 0, 0, 2, 37.75, 11003, 1124, 0, 0
158, 0, 135, 717, 301, 77, 28.43%, 0, 0, 2, 38.21, 11195, 1124, 0, 0
163, 0, 135, 717, 301, 77, 28.43%, 0, 0, 2, 38.12, 11387, 1124, 0, 0
168, 0, 135, 718, 302, 77, 28.46%, 0, 0, 2, 37.74, 11580, 1125, 0, 0
173, 0, 135, 720, 304, 77, 28.48%, 0, 0, 2, 36.70, 11766, 1126, 0, 0
178, 0, 135, 720, 304, 77, 28.48%, 0, 0, 2, 38.30, 11966, 1126, 0, 0
183, 0, 135, 720, 304, 77, 28.48%, 0, 0, 2, 38.99, 12166, 1126, 0, 0
188, 0, 135, 720, 304, 77, 28.48%, 0, 0, 2, 39.18, 12366, 1126, 0, 0
193, 0, 135, 720, 304, 77, 28.48%, 0, 0, 2, 39.01, 12566, 1126, 0, 0
199, 0, 135, 720, 304, 77, 28.48%, 0, 0, 2, 38.98, 12766, 1126, 0, 0
204, 0, 135, 720, 304, 77, 28.48%, 0, 0, 2, 39.09, 12966, 1126, 0, 0
209, 0, 135, 720, 304, 77, 28.48%, 0, 0, 2, 39.09, 13166, 1126, 0, 0
214, 0, 135, 720, 304, 77, 28.48%, 0, 0, 2, 39.00, 13366, 1126, 0, 0
219, 0, 135, 720, 304, 77, 28.48%, 0, 0, 2, 39.21, 13566, 1126, 0, 0
224, 0, 135, 720, 304, 77, 28.48%, 0, 0, 2, 39.18, 13766, 1126, 0, 0
229, 0, 135, 720, 304, 77, 28.48%, 0, 0, 2, 38.91, 13966, 1126, 0, 0
234, 0, 135, 720, 304, 77, 28.48%, 0, 0, 2, 39.00, 14166, 1126, 0, 0
239, 0, 135, 720, 304, 77, 28.48%, 0, 0, 2, 39.02, 14366, 1126, 0, 0
245, 0, 135, 720, 304, 77, 28.48%, 0, 0, 2, 39.01, 14566, 1126, 0, 0
250, 0, 135, 720, 304, 77, 28.48%, 0, 0, 2, 39.20, 14766, 1126, 0, 0
255, 0, 135, 720, 304, 77, 28.48%, 0, 0, 2, 39.09, 14966, 1126, 0, 0
260, 0, 135, 720, 304, 77, 28.48%, 0, 0, 2, 38.97, 15166, 1126, 0, 0
265, 0, 135, 723, 307, 77, 28.48%, 0, 0, 2, 38.77, 15362, 1126, 0, 0
270, 0, 135, 730, 314, 77, 28.48%, 0, 0, 2, 37.97, 15565, 1126, 0, 0
276, 0, 135, 736, 320, 77, 28.54%, 0, 0, 2, 36.44, 15747, 1128, 0, 0
281, 0, 135, 743, 327, 77, 28.54%, 0, 0, 2, 36.70, 15925, 1128, 0, 0
286, 0, 135, 748, 332, 77, 28.56%, 0, 0, 2, 37.10, 16104, 1129, 0, 0
291, 0, 135, 751, 335, 77, 28.56%, 0, 0, 2, 37.82, 16301, 1129, 0, 0
296, 0, 135, 753, 337, 77, 28.59%, 0, 0, 2, 38.28, 16495, 1130, 0, 0
301, 0, 135, 758, 342, 77, 28.59%, 0, 0, 2, 37.02, 16688, 1130, 0, 0
306, 0, 135, 759, 343, 77, 28.59%, 0, 0, 2, 38.32, 16890, 1130, 0, 0
311, 0, 135, 762, 346, 77, 28.59%, 0, 0, 2, 38.36, 17081, 1130, 0, 0
317, 0, 135, 766, 350, 77, 28.59%, 0, 0, 2, 38.10, 17270, 1130, 0, 0
322, 0, 135, 768, 352, 77, 28.59%, 0, 0, 2, 38.02, 17466, 1130, 0, 0
327, 0, 135, 768, 352, 77, 28.59%, 0, 0, 2, 38.12, 17661, 1130, 0, 0
332, 0, 135, 771, 355, 77, 28.59%, 0, 0, 2, 38.03, 17856, 1130, 0, 0
337, 0, 135, 772, 356, 77, 28.59%, 0, 0, 2, 38.51, 18055, 1130, 0, 0
342, 0, 135, 774, 358, 77, 28.59%, 0, 0, 2, 38.57, 18248, 1130, 0, 0
347, 0, 135, 776, 360, 77, 28.59%, 0, 0, 2, 38.24, 18444, 1130, 0, 0
353, 0, 135, 778, 362, 77, 28.59%, 0, 0, 2, 38.73, 18645, 1130, 0, 0
358, 0, 135, 778, 362, 77, 28.59%, 0, 0, 2, 39.40, 18844, 1130, 0, 0
363, 0, 135, 780, 364, 77, 28.59%, 0, 0, 2, 38.07, 19042, 1130, 0, 0
368, 0, 135, 781, 365, 77, 28.59%, 0, 0, 2, 38.31, 19238, 1130, 0, 0
373, 0, 135, 781, 365, 77, 28.59%, 0, 0, 2, 38.59, 19433, 1130, 0, 0
378, 0, 135, 783, 367, 77, 28.59%, 0, 0, 2, 36.92, 19604, 1130, 0, 0
383, 0, 135, 784, 368, 77, 28.61%, 0, 0, 2, 37.89, 19796, 1131, 0, 0
388, 0, 135, 786, 370, 77, 28.61%, 0, 0, 2, 38.06, 19989, 1131, 0, 0
393, 0, 135, 787, 371, 77, 28.61%, 0, 0, 2, 36.67, 20168, 1131, 0, 0
399, 0, 135, 787, 371, 77, 28.61%, 0, 0, 2, 38.03, 20363, 1131, 0, 0
404, 0, 135, 789, 373, 77, 28.61%, 0, 0, 2, 38.42, 20561, 1131, 0, 0
409, 0, 135, 790, 374, 77, 28.61%, 0, 0, 2, 38.01, 20734, 1131, 0, 0
414, 0, 135, 792, 376, 77, 28.61%, 0, 0, 2, 37.64, 20924, 1131, 0, 0
419, 0, 135, 794, 378, 77, 28.61%, 0, 0, 2, 36.98, 21108, 1131, 0, 0
424, 0, 135, 795, 379, 77, 28.61%, 0, 0, 2, 38.43, 21305, 1131, 0, 0
429, 0, 135, 796, 380, 77, 28.61%, 0, 0, 2, 38.32, 21501, 1131, 0, 0
434, 0, 135, 796, 380, 77, 28.61%, 0, 0, 2, 37.91, 21692, 1131, 0, 0
439, 0, 135, 796, 380, 77, 28.61%, 0, 0, 2, 38.62, 21879, 1131, 0, 0
445, 0, 135, 797, 381, 77, 28.61%, 0, 0, 2, 37.91, 22071, 1131, 0, 0
450, 0, 135, 799, 383, 77, 28.61%, 0, 0, 2, 38.50, 22265, 1131, 0, 0
455, 0, 135, 800, 384, 77, 28.61%, 0, 0, 2, 37.42, 22454, 1131, 0, 0
460, 0, 135, 801, 385, 77, 28.61%, 0, 0, 2, 37.40, 22638, 1131, 0, 0
465, 0, 135, 801, 385, 77, 28.61%, 0, 0, 2, 38.43, 22835, 1131, 0, 0
470, 0, 135, 802, 386, 77, 28.61%, 0, 0, 2, 38.11, 23026, 1131, 0, 0
475, 0, 135, 804, 388, 77, 28.89%, 0, 0, 2, 38.07, 23220, 1142, 0, 0
480, 0, 135, 804, 388, 77, 28.89%, 0, 0, 2, 38.23, 23411, 1142, 0, 0
485, 0, 135, 804, 388, 77, 28.89%, 0, 0, 2, 38.63, 23609, 1142, 0, 0
490, 0, 135, 804, 388, 77, 28.89%, 0, 0, 2, 38.35, 23806, 1142, 0, 0
496, 0, 135, 805, 389, 77, 28.89%, 0, 0, 2, 38.70, 24007, 1142, 0, 0
501, 0, 135, 807, 391, 77, 28.89%, 0, 0, 2, 38.24, 24200, 1142, 0, 0
506, 0, 135, 807, 391, 77, 28.89%, 0, 0, 2, 38.75, 24392, 1142, 0, 0
511, 0, 135, 809, 393, 77, 28.89%, 0, 0, 2, 37.98, 24570, 1142, 0, 0
516, 0, 135, 811, 395, 77, 28.89%, 0, 0, 2, 37.72, 24762, 1142, 0, 0
521, 0, 135, 812, 396, 77, 28.89%, 0, 0, 2, 38.28, 24961, 1142, 0, 0
526, 0, 135, 812, 396, 77, 28.89%, 0, 0, 2, 38.37, 25159, 1142, 0, 0
531, 0, 135, 812, 396, 77, 28.89%, 0, 0, 2, 38.34, 25354, 1142, 0, 0
537, 0, 135, 813, 397, 77, 28.89%, 0, 0, 2, 38.05, 25551, 1142, 0, 0
542, 0, 135, 814, 398, 77, 28.89%, 0, 0, 2, 38.38, 25748, 1142, 0, 0
547, 0, 135, 814, 398, 77, 28.89%, 0, 0, 2, 38.63, 25943, 1142, 0, 0
552, 0, 135, 814, 398, 77, 28.89%, 0, 0, 2, 38.71, 26142, 1142, 0, 0
557, 0, 809, 815, 396, 88, 28.97%, 0, 0, 2, 40.54, 26348, 1145, 0, 0
562, 0, 810, 816, 395, 84, 28.97%, 0, 0, 3, 36.14, 26527, 1145, 0, 0
567, 0, 181, 816, 393, 82, 28.97%, 0, 0, 3, 37.34, 26707, 1145, 0, 0
573, 0, 301, 817, 388, 76, 28.97%, 0, 0, 3, 43.43, 26962, 1145, 0, 0
578, 0, 777, 820, 390, 75, 28.97%, 0, 0, 3, 39.80, 27163, 1145, 0, 0
584, 0, 777, 820, 390, 75, 28.97%, 0, 0, 3, 38.08, 27354, 1145, 0, 0
589, 0, 777, 820, 390, 75, 28.97%, 0, 0, 3, 38.28, 27546, 1145, 0, 0
594, 0, 777, 820, 390, 75, 28.97%, 0, 0, 3, 38.39, 27746, 1145, 0, 0
599, 0, 777, 820, 390, 75, 28.97%, 0, 0, 3, 38.31, 27938, 1145, 0, 0
604, 0, 777, 820, 390, 75, 28.97%, 0, 0, 3, 38.25, 28130, 1145, 0, 0
609, 0, 777, 823, 393, 75, 28.97%, 0, 0, 3, 38.32, 28327, 1145, 0, 0
615, 0, 700, 823, 391, 73, 28.97%, 0, 0, 3, 38.89, 28540, 1145, 0, 0
620, 0, 700, 823, 391, 73, 28.97%, 0, 0, 3, 35.53, 28709, 1145, 0, 0
625, 0, 700, 823, 391, 73, 28.97%, 0, 0, 3, 38.08, 28909, 1145, 0, 0
631, 0, 700, 823, 391, 73, 28.97%, 0, 0, 3, 38.45, 29109, 1145, 0, 0
636, 0, 700, 823, 391, 73, 28.97%, 0, 0, 3, 38.35, 29301, 1145, 0, 0
641, 0, 700, 823, 391, 73, 28.97%, 0, 0, 3, 38.23, 29493, 1145, 0, 0
646, 0, 700, 823, 391, 73, 28.97%, 0, 0, 3, 38.05, 29685, 1145, 0, 0
651, 0, 700, 823, 391, 73, 28.97%, 0, 0, 3, 38.47, 29885, 1145, 0, 0
656, 0, 209, 824, 391, 72, 28.97%, 0, 0, 3, 37.41, 30064, 1145, 0, 0
662, 0, 197, 824, 389, 70, 28.97%, 0, 0, 3, 37.60, 30289, 1145, 0, 0
668, 0, 717, 824, 388, 69, 28.97%, 0, 0, 3, 37.78, 30481, 1145, 0, 0
673, 0, 717, 824, 388, 69, 28.97%, 0, 0, 3, 37.54, 30668, 1145, 0, 0
678, 0, 717, 824, 388, 69, 28.97%, 0, 0, 3, 38.23, 30868, 1145, 0, 0
683, 0, 717, 824, 388, 69, 28.97%, 0, 0, 3, 38.35, 31068, 1145, 0, 0
688, 0, 717, 824, 388, 69, 28.97%, 0, 0, 3, 38.32, 31260, 1145, 0, 0
693, 0, 717, 824, 388, 69, 28.97%, 0, 0, 3, 38.17, 31452, 1145, 0, 0
698, 0, 717, 824, 388, 69, 28.97%, 0, 0, 3, 38.22, 31644, 1145, 0, 0
703, 0, 717, 824, 388, 69, 28.97%, 0, 0, 3, 38.36, 31844, 1145, 0, 0
708, 0, 298, 825, 388, 68, 28.97%, 0, 0, 3, 37.66, 32028, 1145, 0, 0
714, 0, 291, 828, 390, 67, 28.99%, 0, 0, 3, 37.84, 32217, 1146, 0, 0
719, 0, 291, 829, 391, 67, 29.02%, 0, 0, 3, 38.24, 32414, 1147, 0, 0
724, 0, 560, 829, 387, 65, 29.02%, 0, 0, 3, 40.78, 32637, 1147, 0, 0
730, 0, 516, 831, 388, 64, 29.02%, 0, 0, 3, 27.65, 32755, 1147, 0, 0
735, 0, 516, 831, 388, 64, 29.02%, 0, 0, 3, 19.91, 32848, 1147, 0, 0
740, 0, 516, 833, 390, 64, 29.02%, 0, 0, 3, 18.86, 32939, 1147, 0, 0
746, 0, 627, 834, 389, 62, 29.02%, 0, 0, 3, 27.98, 33112, 1147, 0, 0
752, 0, 210, 835, 388, 60, 29.02%, 0, 0, 3, 33.04, 33327, 1147, 0, 0
757, 0, 750, 835, 387, 59, 29.02%, 0, 0, 3, 38.98, 33500, 1147, 0, 0
762, 0, 750, 835, 387, 59, 29.02%, 0, 0, 3, 38.83, 33700, 1147, 0, 0
767, 0, 750, 835, 387, 59, 29.02%, 0, 0, 3, 38.57, 33900, 1147, 0, 0
772, 0, 755, 835, 386, 58, 29.02%, 0, 0, 3, 37.26, 34083, 1147, 0, 0
778, 0, 183, 835, 384, 56, 29.02%, 0, 0, 3, 32.73, 34256, 1147, 0, 0
784, 0, 148, 835, 382, 54, 29.02%, 0, 0, 3, 34.81, 34461, 1147, 0, 0
790, 0, 718, 835, 380, 53, 29.02%, 0, 0, 3, 34.93, 34663, 1147, 0, 0
797, 0, 159, 835, 379, 52, 29.02%, 0, 0, 3, 36.71, 34886, 1147, 0, 0
803, 0, 551, 835, 376, 49, 29.02%, 0, 0, 3, 35.62, 35096, 1147, 0, 0
808, 0, 551, 836, 377, 49, 29.02%, 0, 0, 3, 25.25, 35205, 1147, 0, 0
813, 0, 551, 838, 379, 49, 29.02%, 0, 0, 3, 21.67, 35306, 1147, 0, 0
818, 0, 551, 838, 379, 49, 29.02%, 0, 0, 3, 20.99, 35412, 1147, 0, 0
823, 0, 551, 839, 380, 49, 29.02%, 0, 0, 3, 20.76, 35520, 1147, 0, 0
828, 0, 551, 840, 381, 49, 29.02%, 0, 0, 3, 20.62, 35626, 1147, 0, 0
833, 0, 551, 841, 382, 49, 29.02%, 0, 0, 3, 36.20, 35800, 1147, 0, 0
838, 0, 551, 842, 383, 49, 29.02%, 0, 0, 3, 43.43, 36032, 1147, 0, 0
844, 0, 551, 844, 385, 49, 29.02%, 0, 0, 3, 49.14, 36292, 1147, 0, 0
849, 0, 752, 845, 385, 48, 29.02%, 0, 0, 3, 35.97, 36459, 1147, 0, 0
854, 0, 752, 845, 385, 48, 29.02%, 0, 0, 3, 36.97, 36645, 1147, 0, 0
859, 0, 76, 845, 384, 47, 29.02%, 0, 0, 3, 38.17, 36841, 1147, 0, 0
864, 0, 783, 845, 382, 45, 29.02%, 0, 0, 3, 36.19, 37004, 1147, 0, 0
869, 0, 783, 845, 382, 45, 29.02%, 0, 0, 3, 35.64, 37173, 1147, 0, 0
874, 0, 783, 845, 382, 45, 29.02%, 0, 0, 3, 37.43, 37365, 1147, 0, 0
878, 0, 783, 845, 382, 45, 29.02%, 0, 0, 3, 37.01, 37503, 1147, 0, 0
939, 0, 845, 1006, 542, 125, 38.22%, 0, 0, 3, 37.37, 39436, 1511, 0, 0
945, 0, 845, 1006, 542, 125, 38.22%, 0, 0, 3, 51.78, 39714, 1511, 0, 0
950, 0, 847, 1006, 541, 124, 38.22%, 0, 0, 3, 37.45, 39898, 1511, 0, 0
955, 0, 847, 1006, 541, 124, 38.22%, 0, 0, 3, 37.23, 40092, 1511, 0, 0
961, 0, 1002, 1007, 541, 123, 38.25%, 0, 0, 3, 38.11, 40314, 1512, 0, 0
966, 0, 1002, 1008, 542, 123, 38.40%, 0, 0, 3, 37.59, 40501, 1518, 0, 0
971, 0, 1002, 1008, 542, 123, 38.40%, 0, 0, 3, 38.54, 40701, 1518, 0, 0
976, 0, 1002, 1010, 544, 123, 38.48%, 0, 0, 3, 38.88, 40897, 1521, 0, 0
981, 0, 1002, 1010, 544, 123, 38.48%, 0, 0, 3, 38.95, 41099, 1521, 0, 0
986, 0, 1002, 1011, 545, 123, 38.48%, 0, 0, 3, 39.16, 41297, 1521, 0, 0
991, 0, 1002, 1012, 546, 123, 38.60%, 0, 0, 3, 39.08, 41494, 1526, 0, 0
996, 0, 1002, 1012, 546, 123, 38.60%, 0, 0, 3, 38.52, 41686, 1526, 0, 0
1001, 0, 1002, 1012, 546, 123, 38.60%, 0, 0, 3, 38.50, 41879, 1526, 0, 0
1006, 0, 1002, 1013, 547, 123, 38.73%, 0, 0, 3, 39.00, 42078, 1531, 0, 0
1011, 0, 1002, 1015, 549, 123, 39.08%, 0, 0, 3, 38.87, 42279, 1545, 0, 0
1017, 0, 1002, 1016, 550, 123, 39.08%, 0, 0, 3, 38.31, 42476, 1545, 0, 0
1019, 0, 1002, 1016, 550, 123, 39.08%, 0, 0, 3, 37.65, 42566, 1545, 0, 0
1081, 0, 867, 1025, 559, 123, 39.08%, 0, 0, 3, 39.71, 44899, 1545, 0, 0
1086, 0, 867, 1025, 559, 123, 39.08%, 0, 0, 3, 40.66, 45109, 1545, 0, 0
1091, 0, 867, 1025, 559, 123, 39.08%, 0, 0, 3, 41.15, 45314, 1545, 0, 0
1096, 0, 867, 1025, 559, 123, 39.08%, 0, 0, 3, 41.47, 45525, 1545, 0, 0
1101, 0, 867, 1026, 560, 123, 39.08%, 0, 0, 3, 39.91, 45703, 1545, 0, 0
1106, 0, 867, 1026, 560, 123, 39.08%, 0, 0, 3, 40.19, 45910, 1545, 0, 0
1111, 0, 867, 1026, 560, 123, 39.08%, 0, 0, 3, 40.87, 46120, 1545, 0, 0
1116, 0, 867, 1026, 560, 123, 39.08%, 0, 0, 3, 40.89, 46327, 1545, 0, 0
1122, 0, 867, 1027, 561, 123, 39.08%, 0, 0, 3, 41.34, 46540, 1545, 0, 0
1127, 0, 867, 1027, 561, 123, 39.08%, 0, 0, 3, 41.59, 46755, 1545, 0, 0
1132, 0, 867, 1027, 561, 123, 39.08%, 0, 0, 3, 41.62, 46963, 1545, 0, 0
1137, 0, 867, 1027, 561, 123, 39.08%, 0, 0, 3, 40.82, 47170, 1545, 0, 0
1142, 0, 867, 1027, 561, 123, 39.08%, 0, 0, 3, 39.73, 47376, 1545, 0, 0
1147, 0, 867, 1027, 561, 123, 39.08%, 0, 0, 3, 40.05, 47580, 1545, 0, 0
1152, 0, 867, 1027, 561, 123, 39.08%, 0, 0, 3, 41.81, 47790, 1545, 0, 0
1157, 0, 867, 1028, 562, 123, 39.08%, 0, 0, 3, 40.41, 47989, 1545, 0, 0
1162, 0, 867, 1028, 562, 123, 39.08%, 0, 0, 3, 41.59, 48202, 1545, 0, 0
1167, 0, 867, 1028, 562, 123, 39.08%, 0, 0, 3, 41.60, 48414, 1545, 0, 0
1173, 0, 867, 1028, 562, 123, 39.08%, 0, 0, 3, 41.38, 48623, 1545, 0, 0
1178, 0, 867, 1028, 562, 123, 39.08%, 0, 0, 3, 39.43, 48822, 1545, 0, 0
1183, 0, 867, 1028, 562, 123, 39.08%, 0, 0, 3, 40.03, 49026, 1545, 0, 0
1188, 0, 867, 1028, 562, 123, 39.08%, 0, 0, 3, 39.20, 49228, 1545, 0, 0
1193, 0, 867, 1028, 562, 123, 39.08%, 0, 0, 3, 40.17, 49431, 1545, 0, 0
1198, 0, 867, 1028, 562, 123, 39.08%, 0, 0, 3, 40.07, 49635, 1545, 0, 0
1203, 0, 867, 1029, 563, 123, 39.08%, 0, 0, 3, 40.54, 49844, 1545, 0, 0
1208, 0, 867, 1029, 563, 123, 39.08%, 0, 0, 3, 38.94, 50042, 1545, 0, 0
1213, 0, 867, 1029, 563, 123, 39.08%, 0, 0, 3, 41.09, 50251, 1545, 0, 0
1219, 0, 867, 1029, 563, 123, 39.08%, 0, 0, 3, 41.20, 50457, 1545, 0, 0
1224, 0, 867, 1029, 563, 123, 39.08%, 0, 0, 3, 38.59, 50648, 1545, 0, 0
1229, 0, 867, 1029, 563, 123, 39.08%, 0, 0, 3, 40.31, 50860, 1545, 0, 0
1234, 0, 867, 1029, 563, 123, 39.08%, 0, 0, 3, 40.08, 51063, 1545, 0, 0
1239, 0, 867, 1029, 563, 123, 39.08%, 0, 0, 3, 40.87, 51269, 1545, 0, 0
1244, 0, 867, 1029, 563, 123, 39.08%, 0, 0, 3, 40.33, 51467, 1545, 0, 0
1249, 0, 867, 1029, 563, 123, 39.08%, 0, 0, 3, 46.56, 51662, 1545, 0, 0
1254, 0, 867, 1029, 563, 123, 39.08%, 0, 0, 3, 42.39, 51873, 1545, 0, 0
1259, 0, 867, 1029, 563, 123, 39.08%, 0, 0, 3, 42.07, 52087, 1545, 0, 0
1265, 0, 867, 1029, 563, 123, 39.08%, 0, 0, 3, 41.68, 52299, 1545, 0, 0
1270, 0, 867, 1029, 563, 123, 39.08%, 0, 0, 3, 42.24, 52513, 1545, 0, 0
1275, 0, 867, 1029, 563, 123, 39.08%, 0, 0, 3, 41.93, 52727, 1545, 0, 0
1280, 0, 867, 1029, 563, 123, 39.08%, 0, 0, 3, 40.20, 52934, 1545, 0, 0
1285, 0, 867, 1029, 563, 123, 39.08%, 0, 0, 3, 40.99, 53147, 1545, 0, 0
1290, 0, 867, 1029, 563, 123, 39.08%, 0, 0, 3, 39.38, 53347, 1545, 0, 0
1295, 0, 867, 1030, 564, 123, 39.16%, 0, 0, 3, 39.96, 53545, 1548, 0, 0
1300, 0, 867, 1030, 564, 123, 39.16%, 0, 0, 3, 41.68, 53758, 1548, 0, 0
1306, 0, 867, 1031, 565, 123, 39.16%, 0, 0, 3, 40.96, 53966, 1548, 0, 0
1311, 0, 867, 1031, 565, 123, 39.16%, 0, 0, 3, 41.05, 54176, 1548, 0, 0
1316, 0, 867, 1031, 565, 123, 39.16%, 0, 0, 3, 39.33, 54383, 1548, 0, 0
1321, 0, 867, 1031, 565, 123, 39.16%, 0, 0, 3, 39.55, 54582, 1548, 0, 0
1326, 0, 867, 1032, 566, 123, 39.16%, 0, 0, 3, 41.48, 54783, 1548, 0, 0
1331, 0, 867, 1032, 566, 123, 39.16%, 0, 0, 3, 39.98, 54986, 1548, 0, 0
1336, 0, 867, 1032, 566, 123, 39.16%, 0, 0, 3, 40.26, 55193, 1548, 0, 0
1342, 0, 867, 1033, 567, 123, 39.16%, 0, 0, 3, 39.96, 55395, 1548, 0, 0
1347, 0, 867, 1033, 567, 123, 39.16%, 0, 0, 3, 41.28, 55609, 1548, 0, 0
1352, 0, 867, 1033, 567, 123, 39.16%, 0, 0, 3, 39.91, 55811, 1548, 0, 0
1357, 0, 867, 1033, 567, 123, 39.16%, 0, 0, 3, 41.98, 56025, 1548, 0, 0
1362, 0, 867, 1033, 567, 123, 39.16%, 0, 0, 3, 40.59, 56230, 1548, 0, 0
1367, 0, 867, 1033, 567, 123, 39.16%, 0, 0, 3, 42.21, 56443, 1548, 0, 0
1372, 0, 867, 1033, 567, 123, 39.16%, 0, 0, 3, 41.27, 56652, 1548, 0, 0
1377, 0, 867, 1033, 567, 123, 39.16%, 0, 0, 3, 40.47, 56858, 1548, 0, 0
1383, 0, 867, 1033, 567, 123, 39.16%, 0, 0, 3, 40.24, 57066, 1548, 0, 0
1388, 0, 867, 1033, 567, 123, 39.16%, 0, 0, 3, 40.84, 57273, 1548, 0, 0
1393, 0, 867, 1033, 567, 123, 39.16%, 0, 0, 3, 39.65, 57471, 1548, 0, 0
1398, 0, 867, 1033, 567, 123, 39.16%, 0, 0, 3, 41.05, 57679, 1548, 0, 0
1403, 0, 867, 1033, 567, 123, 39.16%, 0, 0, 3, 41.47, 57890, 1548, 0, 0
1408, 0, 867, 1033, 567, 123, 39.16%, 0, 0, 3, 41.68, 58101, 1548, 0, 0
1413, 0, 867, 1033, 567, 123, 39.16%, 0, 0, 3, 40.07, 58304, 1548, 0, 0
1418, 0, 867, 1033, 567, 123, 39.16%, 0, 0, 3, 40.48, 58510, 1548, 0, 0
1423, 0, 867, 1033, 567, 123, 39.16%, 0, 0, 3, 39.48, 58718, 1548, 0, 0
1428, 0, 867, 1033, 567, 123, 39.16%, 0, 0, 3, 42.21, 58931, 1548, 0, 0
1434, 0, 867, 1033, 567, 123, 39.16%, 0, 0, 3, 42.05, 59141, 1548, 0, 0
1439, 0, 867, 1034, 568, 123, 39.16%, 0, 0, 3, 40.15, 59344, 1548, 0, 0
1444, 0, 867, 1034, 568, 123, 39.16%, 0, 0, 3, 40.10, 59550, 1548, 0, 0
1449, 0, 867, 1034, 568, 123, 39.16%, 0, 0, 3, 39.95, 59755, 1548, 0, 0
1454, 0, 867, 1034, 568, 123, 39.16%, 0, 0, 3, 41.80, 59969, 1548, 0, 0
1459, 0, 867, 1034, 568, 123, 39.16%, 0, 0, 3, 40.95, 60176, 1548, 0, 0
1464, 0, 867, 1034, 568, 123, 39.16%, 0, 0, 3, 40.37, 60384, 1548, 0, 0
1469, 0, 867, 1034, 568, 123, 39.16%, 0, 0, 3, 38.69, 60577, 1548, 0, 0
1474, 0, 867, 1034, 568, 123, 39.16%, 0, 0, 3, 39.59, 60778, 1548, 0, 0
1480, 0, 867, 1034, 568, 123, 39.16%, 0, 0, 3, 39.20, 60975, 1548, 0, 0
1485, 0, 867, 1034, 568, 123, 39.16%, 0, 0, 3, 41.13, 61182, 1548, 0, 0
1490, 0, 867, 1034, 568, 123, 39.16%, 0, 0, 3, 40.60, 61389, 1548, 0, 0
1495, 0, 867, 1034, 568, 123, 39.16%, 0, 0, 3, 40.46, 61596, 1548, 0, 0
1500, 0, 867, 1034, 568, 123, 39.16%, 0, 0, 3, 41.17, 61809, 1548, 0, 0
1505, 0, 867, 1034, 568, 123, 39.16%, 0, 0, 3, 41.50, 62020, 1548, 0, 0
1510, 0, 867, 1034, 568, 123, 39.16%, 0, 0, 3, 41.28, 62229, 1548, 0, 0
1515, 0, 867, 1034, 568, 123, 39.16%, 0, 0, 3, 41.28, 62440, 1548, 0, 0
1520, 0, 867, 1034, 568, 123, 39.16%, 0, 0, 3, 41.88, 62651, 1548, 0, 0
1525, 0, 867, 1034, 568, 123, 39.16%, 0, 0, 3, 41.26, 62856, 1548, 0, 0
1531, 0, 867, 1034, 568, 123, 39.16%, 0, 0, 3, 41.40, 63068, 1548, 0, 0
1536, 0, 867, 1034, 568, 123, 39.16%, 0, 0, 3, 40.43, 63274, 1548, 0, 0
1541, 0, 867, 1034, 568, 123, 39.16%, 0, 0, 3, 39.63, 63478, 1548, 0, 0
1546, 0, 867, 1034, 568, 123, 39.16%, 0, 0, 3, 39.76, 63677, 1548, 0, 0
1551, 0, 867, 1035, 569, 123, 39.16%, 0, 0, 3, 39.89, 63879, 1548, 0, 0
1556, 0, 867, 1036, 570, 123, 39.16%, 0, 0, 3, 40.98, 64099, 1548, 0, 0
1561, 0, 867, 1036, 570, 123, 39.16%, 0, 0, 3, 40.99, 64306, 1548, 0, 0
1566, 0, 867, 1037, 571, 123, 39.16%, 0, 0, 3, 41.05, 64516, 1548, 0, 0
1572, 0, 867, 1037, 571, 123, 39.16%, 0, 0, 3, 42.39, 64734, 1548, 0, 0
1577, 0, 867, 1037, 571, 123, 39.16%, 0, 0, 3, 41.69, 64945, 1548, 0, 0
1582, 0, 867, 1037, 571, 123, 39.16%, 0, 0, 3, 39.91, 65147, 1548, 0, 0
1587, 0, 867, 1038, 572, 123, 39.16%, 0, 0, 3, 39.63, 65353, 1548, 0, 0
1592, 0, 867, 1038, 572, 123, 39.16%, 0, 0, 3, 40.63, 65561, 1548, 0, 0
1597, 0, 867, 1038, 572, 123, 39.16%, 0, 0, 3, 41.00, 65769, 1548, 0, 0
1602, 0, 867, 1038, 572, 123, 39.16%, 0, 0, 3, 39.91, 65973, 1548, 0, 0
1607, 0, 867, 1038, 572, 123, 39.16%, 0, 0, 3, 40.63, 66183, 1548, 0, 0
1612, 0, 867, 1039, 573, 123, 39.16%, 0, 0, 3, 42.11, 66398, 1548, 0, 0
1617, 0, 867, 1039, 573, 123, 39.16%, 0, 0, 3, 40.56, 66594, 1548, 0, 0
1623, 0, 867, 1039, 573, 123, 39.16%, 0, 0, 3, 40.42, 66804, 1548, 0, 0
1628, 0, 867, 1039, 573, 123, 39.16%, 0, 0, 3, 40.95, 67013, 1548, 0, 0
1633, 0, 867, 1039, 573, 123, 39.16%, 0, 0, 3, 41.31, 67226, 1548, 0, 0
1638, 0, 867, 1039, 573, 123, 39.16%, 0, 0, 3, 40.79, 67434, 1548, 0, 0
1643, 0, 867, 1039, 573, 123, 39.16%, 0, 0, 3, 41.00, 67642, 1548, 0, 0
1648, 0, 867, 1039, 573, 123, 39.16%, 0, 0, 3, 41.11, 67855, 1548, 0, 0
1653, 0, 867, 1039, 573, 123, 39.16%, 0, 0, 3, 40.40, 68059, 1548, 0, 0
1659, 0, 867, 1039, 573, 123, 39.16%, 0, 0, 3, 40.29, 68266, 1548, 0, 0
1664, 0, 867, 1039, 573, 123, 39.16%, 0, 0, 3, 41.94, 68482, 1548, 0, 0
1669, 0, 867, 1039, 573, 123, 39.16%, 0, 0, 3, 40.64, 68689, 1548, 0, 0
1674, 0, 867, 1039, 573, 123, 39.16%, 0, 0, 3, 40.62, 68896, 1548, 0, 0
1679, 0, 867, 1040, 574, 123, 39.16%, 0, 0, 3, 41.33, 69108, 1548, 0, 0
1684, 0, 867, 1040, 574, 123, 39.16%, 0, 0, 3, 39.87, 69310, 1548, 0, 0
1689, 0, 867, 1040, 574, 123, 39.16%, 0, 0, 3, 40.16, 69514, 1548, 0, 0
1695, 0, 867, 1040, 574, 123, 39.16%, 0, 0, 3, 41.63, 69726, 1548, 0, 0
1700, 0, 867, 1040, 574, 123, 39.16%, 0, 0, 3, 42.42, 69944, 1548, 0, 0
1705, 0, 867, 1041, 575, 123, 39.16%, 0, 0, 3, 40.93, 70153, 1548, 0, 0
1710, 0, 867, 1041, 575, 123, 39.16%, 0, 0, 3, 40.60, 70363, 1548, 0, 0
1715, 0, 867, 1041, 575, 123, 39.16%, 0, 0, 3, 41.09, 70577, 1548, 0, 0
1720, 0, 867, 1041, 575, 123, 39.16%, 0, 0, 3, 41.43, 70790, 1548, 0, 0
1725, 0, 867, 1041, 575, 123, 39.16%, 0, 0, 3, 40.50, 70995, 1548, 0, 0
1730, 0, 867, 1041, 575, 123, 39.16%, 0, 0, 3, 37.50, 71191, 1548, 0, 0
1735, 0, 867, 1041, 575, 123, 39.16%, 0, 0, 3, 35.24, 71365, 1548, 0, 0
1741, 0, 867, 1041, 575, 123, 39.16%, 0, 0, 3, 34.17, 71539, 1548, 0, 0
1746, 0, 867, 1041, 575, 123, 39.16%, 0, 0, 3, 33.64, 71713, 1548, 0, 0
1751, 0, 867, 1041, 575, 123, 39.16%, 0, 0, 3, 33.82, 71883, 1548, 0, 0
1756, 0, 867, 1042, 576, 123, 39.16%, 0, 0, 3, 34.90, 72064, 1548, 0, 0
1761, 0, 867, 1042, 576, 123, 39.16%, 0, 0, 3, 34.90, 72245, 1548, 0, 0
1766, 0, 867, 1042, 576, 123, 39.16%, 0, 0, 3, 35.22, 72421, 1548, 0, 0
1771, 0, 867, 1042, 576, 123, 39.16%, 0, 0, 3, 34.91, 72599, 1548, 0, 0
1776, 0, 867, 1042, 576, 123, 39.16%, 0, 0, 3, 36.39, 72784, 1548, 0, 0
1781, 0, 867, 1042, 576, 123, 39.16%, 0, 0, 3, 35.19, 72965, 1548, 0, 0
1787, 0, 867, 1042, 576, 123, 39.16%, 0, 0, 3, 33.75, 73139, 1548, 0, 0
1792, 0, 867, 1042, 576, 123, 39.16%, 0, 0, 3, 34.16, 73315, 1548, 0, 0
1797, 0, 867, 1042, 576, 123, 39.16%, 0, 0, 3, 33.67, 73489, 1548, 0, 0
1802, 0, 867, 1042, 576, 123, 39.16%, 0, 0, 3, 36.09, 73673, 1548, 0, 0
1807, 0, 867, 1042, 576, 123, 39.16%, 0, 0, 3, 39.79, 73883, 1548, 0, 0
1812, 0, 867, 1042, 576, 123, 39.16%, 0, 0, 3, 39.67, 74086, 1548, 0, 0
1817, 0, 867, 1042, 576, 123, 39.16%, 0, 0, 3, 39.99, 74291, 1548, 0, 0
1823, 0, 867, 1042, 576, 123, 39.16%, 0, 0, 3, 40.25, 74497, 1548, 0, 0
1828, 0, 867, 1042, 576, 123, 39.16%, 0, 0, 3, 40.79, 74702, 1548, 0, 0
1833, 0, 867, 1042, 576, 123, 39.16%, 0, 0, 3, 40.39, 74908, 1548, 0, 0
1838, 0, 867, 1042, 576, 123, 39.16%, 0, 0, 3, 38.54, 75106, 1548, 0, 0
1843, 0, 867, 1042, 576, 123, 39.16%, 0, 0, 3, 41.02, 75318, 1548, 0, 0
1848, 0, 867, 1042, 576, 123, 39.16%, 0, 0, 3, 41.85, 75529, 1548, 0, 0
1853, 0, 867, 1042, 576, 123, 39.16%, 0, 0, 3, 41.29, 75740, 1548, 0, 0
1858, 0, 867, 1042, 576, 123, 39.16%, 0, 0, 3, 40.82, 75944, 1548, 0, 0
1864, 0, 867, 1042, 576, 123, 39.16%, 0, 0, 3, 40.28, 76151, 1548, 0, 0
1869, 0, 867, 1042, 576, 123, 39.16%, 0, 0, 3, 40.40, 76354, 1548, 0, 0
1874, 0, 867, 1042, 576, 123, 39.16%, 0, 0, 3, 40.63, 76563, 1548, 0, 0
1879, 0, 867, 1042, 576, 123, 39.16%, 0, 0, 3, 40.50, 76772, 1548, 0, 0
1884, 0, 867, 1042, 576, 123, 39.16%, 0, 0, 3, 40.65, 76982, 1548, 0, 0
1889, 0, 867, 1042, 576, 123, 39.16%, 0, 0, 3, 39.61, 77185, 1548, 0, 0
1894, 0, 867, 1042, 576, 123, 39.16%, 0, 0, 3, 40.84, 77389, 1548, 0, 0
1899, 0, 867, 1042, 576, 123, 39.16%, 0, 0, 3, 40.79, 77598, 1548, 0, 0
1905, 0, 867, 1042, 576, 123, 39.16%, 0, 0, 3, 41.40, 77810, 1548, 0, 0
1910, 0, 867, 1043, 577, 123, 39.16%, 0, 0, 3, 40.05, 78009, 1548, 0, 0
1915, 0, 867, 1043, 577, 123, 39.16%, 0, 0, 3, 40.98, 78203, 1548, 0, 0
1920, 0, 867, 1043, 577, 123, 39.16%, 0, 0, 3, 40.95, 78412, 1548, 0, 0
1925, 0, 867, 1043, 577, 123, 39.16%, 0, 0, 3, 38.83, 78608, 1548, 0, 0
1930, 0, 867, 1043, 577, 123, 39.16%, 0, 0, 3, 39.74, 78816, 1548, 0, 0
1935, 0, 867, 1043, 577, 123, 39.16%, 0, 0, 3, 39.88, 79021, 1548, 0, 0
1940, 0, 867, 1043, 577, 123, 39.16%, 0, 0, 3, 40.31, 79230, 1548, 0, 0
1945, 0, 867, 1043, 577, 123, 39.16%, 0, 0, 3, 39.61, 79436, 1548, 0, 0
1951, 0, 867, 1043, 577, 123, 39.16%, 0, 0, 3, 40.27, 79643, 1548, 0, 0
1956, 0, 867, 1044, 578, 123, 39.16%, 0, 0, 3, 40.85, 79857, 1548, 0, 0
1961, 0, 867, 1044, 578, 123, 39.16%, 0, 0, 3, 39.76, 80056, 1548, 0, 0
1966, 0, 867, 1044, 578, 123, 39.16%, 0, 0, 3, 39.36, 80248, 1548, 0, 0
1971, 0, 867, 1044, 578, 123, 39.16%, 0, 0, 3, 39.46, 80448, 1548, 0, 0
1976, 0, 867, 1044, 578, 123, 39.16%, 0, 0, 3, 40.87, 80658, 1548, 0, 0
1981, 0, 867, 1044, 578, 123, 39.16%, 0, 0, 3, 37.60, 80852, 1548, 0, 0
1986, 0, 867, 1044, 578, 123, 39.16%, 0, 0, 3, 35.03, 81029, 1548, 0, 0
1992, 0, 867, 1044, 578, 123, 39.16%, 0, 0, 3, 33.23, 81197, 1548, 0, 0
1997, 0, 867, 1044, 578, 123, 39.16%, 0, 0, 3, 33.74, 81374, 1548, 0, 0
2002, 0, 867, 1044, 578, 123, 39.16%, 0, 0, 3, 34.94, 81554, 1548, 0, 0
2007, 0, 867, 1044, 578, 123, 39.16%, 0, 0, 3, 37.47, 81748, 1548, 0, 0
2012, 0, 867, 1044, 578, 123, 39.16%, 0, 0, 3, 38.01, 81944, 1548, 0, 0
2017, 0, 867, 1044, 578, 123, 39.16%, 0, 0, 3, 38.77, 82144, 1548, 0, 0
2022, 0, 867, 1044, 578, 123, 39.16%, 0, 0, 3, 38.29, 82335, 1548, 0, 0
2027, 0, 867, 1044, 578, 123, 39.16%, 0, 0, 3, 38.56, 82532, 1548, 0, 0
2032, 0, 867, 1044, 578, 123, 39.16%, 0, 0, 3, 37.99, 82725, 1548, 0, 0
2038, 0, 867, 1045, 579, 123, 39.16%, 0, 0, 3, 38.14, 82917, 1548, 0, 0
2043, 0, 867, 1045, 579, 123, 39.16%, 0, 0, 3, 37.73, 83114, 1548, 0, 0
2048, 0, 867, 1045, 579, 123, 39.16%, 0, 0, 3, 35.56, 83295, 1548, 0, 0
2053, 0, 867, 1045, 579, 123, 39.16%, 0, 0, 3, 35.15, 83476, 1548, 0, 0
2058, 0, 867, 1045, 579, 123, 39.16%, 0, 0, 3, 34.17, 83651, 1548, 0, 0
2063, 0, 867, 1045, 579, 123, 39.16%, 0, 0, 3, 37.03, 83841, 1548, 0, 0
2069, 0, 867, 1045, 579, 123, 39.16%, 0, 0, 3, 37.06, 84033, 1548, 0, 0
2074, 0, 867, 1045, 579, 123, 39.16%, 0, 0, 3, 37.59, 84223, 1548, 0, 0
2079, 0, 867, 1045, 579, 123, 39.16%, 0, 0, 3, 37.62, 84412, 1548, 0, 0
2084, 0, 867, 1045, 579, 123, 39.16%, 0, 0, 3, 36.56, 84600, 1548, 0, 0
2089, 0, 867, 1045, 579, 123, 39.16%, 0, 0, 3, 36.01, 84787, 1548, 0, 0
2094, 0, 867, 1045, 579, 123, 39.16%, 0, 0, 3, 34.98, 84967, 1548, 0, 0
2099, 0, 867, 1045, 579, 123, 39.16%, 0, 0, 3, 34.59, 85142, 1548, 0, 0
2104, 0, 867, 1045, 579, 123, 39.16%, 0, 0, 3, 34.15, 85319, 1548, 0, 0
2110, 0, 867, 1045, 579, 123, 39.16%, 0, 0, 3, 35.15, 85499, 1548, 0, 0
2115, 0, 867, 1045, 579, 123, 39.16%, 0, 0, 3, 36.21, 85682, 1548, 0, 0
2120, 0, 867, 1045, 579, 123, 39.16%, 0, 0, 3, 37.18, 85868, 1548, 0, 0
2125, 0, 867, 1045, 579, 123, 39.16%, 0, 0, 3, 38.33, 86065, 1548, 0, 0
2130, 0, 867, 1046, 580, 123, 39.16%, 0, 0, 3, 37.82, 86256, 1548, 0, 0
2135, 0, 867, 1046, 580, 123, 39.16%, 0, 0, 3, 37.52, 86452, 1548, 0, 0
2140, 0, 867, 1046, 580, 123, 39.16%, 0, 0, 3, 37.30, 86642, 1548, 0, 0
2145, 0, 867, 1046, 580, 123, 39.16%, 0, 0, 3, 37.93, 86834, 1548, 0, 0
2151, 0, 867, 1046, 580, 123, 39.16%, 0, 0, 3, 38.00, 87028, 1548, 0, 0
2156, 0, 867, 1046, 580, 123, 39.16%, 0, 0, 3, 37.88, 87227, 1548, 0, 0
2161, 0, 867, 1046, 580, 123, 39.16%, 0, 0, 3, 39.85, 87431, 1548, 0, 0
2166, 0, 867, 1046, 580, 123, 39.16%, 0, 0, 3, 40.34, 87637, 1548, 0, 0
2171, 0, 867, 1046, 580, 123, 39.16%, 0, 0, 3, 41.42, 87848, 1548, 0, 0
2176, 0, 867, 1047, 581, 123, 39.19%, 0, 0, 3, 39.87, 88047, 1549, 0, 0
2181, 0, 867, 1048, 582, 123, 39.19%, 0, 0, 3, 38.91, 88243, 1549, 0, 0
2186, 0, 867, 1048, 582, 123, 39.19%, 0, 0, 3, 38.95, 88440, 1549, 0, 0
2191, 0, 867, 1049, 583, 123, 39.19%, 0, 0, 3, 40.17, 88649, 1549, 0, 0
2197, 0, 867, 1049, 583, 123, 39.19%, 0, 0, 3, 41.22, 88859, 1549, 0, 0
2202, 0, 867, 1049, 583, 123, 39.19%, 0, 0, 3, 41.05, 89069, 1549, 0, 0
2207, 0, 867, 1049, 583, 123, 39.19%, 0, 0, 3, 40.24, 89274, 1549, 0, 0
2212, 0, 867, 1049, 583, 123, 39.19%, 0, 0, 3, 40.58, 89482, 1549, 0, 0
2217, 0, 867, 1049, 583, 123, 39.19%, 0, 0, 3, 39.07, 89677, 1549, 0, 0
2222, 0, 867, 1049, 583, 123, 39.19%, 0, 0, 3, 39.93, 89879, 1549, 0, 0
2227, 0, 867, 1049, 583, 123, 39.19%, 0, 0, 3, 40.03, 90080, 1549, 0, 0
2232, 0, 867, 1049, 583, 123, 39.19%, 0, 0, 3, 41.39, 90293, 1549, 0, 0
2237, 0, 867, 1049, 583, 123, 39.19%, 0, 0, 3, 41.00, 90502, 1549, 0, 0
2243, 0, 867, 1049, 583, 123, 39.19%, 0, 0, 3, 40.71, 90711, 1549, 0, 0
2245, 0, 867, 1049, 583, 123, 39.19%, 0, 0, 3, 41.58, 90824, 1549, 0, 0
