# relative_time, cycles_done, cur_item, corpus_count, pending_total, pending_favs, map_size, saved_crashes, saved_hangs, max_depth, execs_per_sec, total_execs, edges_found, total_crashes, servers_count
61, 0, 31, 289, 195, 35, 10.14%, 0, 0, 2, 35.34, 4000, 1475, 0, 0
67, 0, 31, 289, 195, 35, 10.14%, 0, 0, 2, 35.43, 4181, 1475, 0, 0
72, 0, 31, 289, 195, 35, 10.14%, 0, 0, 2, 35.11, 4361, 1475, 0, 0
77, 0, 31, 289, 195, 35, 10.14%, 0, 0, 2, 35.30, 4543, 1475, 0, 0
82, 0, 31, 289, 195, 35, 10.14%, 0, 0, 2, 35.71, 4727, 1475, 0, 0
87, 0, 31, 289, 195, 35, 10.14%, 0, 0, 2, 35.28, 4903, 1475, 0, 0
92, 0, 31, 289, 195, 35, 10.14%, 0, 0, 2, 36.07, 5090, 1475, 0, 0
97, 0, 31, 290, 196, 35, 10.14%, 0, 0, 2, 35.28, 5267, 1475, 0, 0
102, 0, 31, 290, 196, 35, 10.14%, 0, 0, 2, 35.21, 5447, 1475, 0, 0
107, 0, 31, 290, 196, 35, 10.14%, 0, 0, 2, 35.59, 5631, 1475, 0, 0
113, 0, 31, 290, 196, 35, 10.14%, 0, 0, 2, 34.84, 5805, 1475, 0, 0
118, 0, 31, 290, 196, 35, 10.14%, 0, 0, 2, 35.26, 5987, 1475, 0, 0
123, 0, 31, 290, 196, 35, 10.14%, 0, 0, 2, 35.36, 6168, 1475, 0, 0
128, 0, 31, 290, 196, 35, 10.14%, 0, 0, 2, 34.50, 6344, 1475, 0, 0
133, 0, 31, 290, 196, 35, 10.14%, 0, 0, 2, 34.63, 6523, 1475, 0, 0
138, 0, 31, 290, 196, 35, 10.14%, 0, 0, 2, 35.35, 6704, 1475, 0, 0
143, 0, 31, 290, 196, 35, 10.14%, 0, 0, 2, 35.15, 6886, 1475, 0, 0
149, 0, 31, 290, 196, 35, 10.14%, 0, 0, 2, 35.26, 7071, 1475, 0, 0
154, 0, 31, 290, 196, 35, 10.14%, 0, 0, 2, 35.41, 7254, 1475, 0, 0
159, 0, 31, 291, 197, 35, 10.14%, 0, 0, 2, 34.54, 7436, 1475, 0, 0
164, 0, 31, 291, 197, 35, 10.14%, 0, 0, 2, 34.89, 7616, 1475, 0, 0
169, 0, 31, 291, 197, 35, 10.14%, 0, 0, 2, 34.21, 7793, 1475, 0, 0
174, 0, 31, 291, 197, 35, 10.14%, 0, 0, 2, 34.93, 7975, 1475, 0, 0
180, 0, 31, 291, 197, 35, 10.14%, 0, 0, 2, 34.96, 8153, 1475, 0, 0
185, 0, 31, 291, 197, 35, 10.14%, 0, 0, 2, 35.05, 8331, 1475, 0, 0
190, 0, 31, 291, 197, 35, 10.14%, 0, 0, 2, 35.41, 8513, 1475, 0, 0
195, 0, 31, 291, 197, 35, 10.14%, 0, 0, 2, 35.32, 8690, 1475, 0, 0
200, 0, 154, 299, 204, 56, 10.34%, 0, 0, 2, 35.62, 8874, 1504, 0, 0
205, 0, 154, 305, 210, 56, 10.43%, 0, 0, 2, 37.24, 9054, 1517, 0, 0
210, 0, 154, 309, 214, 56, 10.53%, 0, 0, 2, 35.26, 9241, 1532, 0, 0
215, 0, 154, 313, 218, 56, 10.61%, 0, 0, 2, 37.17, 9435, 1543, 0, 0
220, 0, 154, 317, 222, 56, 10.68%, 0, 0, 2, 36.80, 9614, 1554, 0, 0
225, 0, 154, 321, 226, 56, 10.78%, 0, 0, 2, 37.95, 9809, 1568, 0, 0
231, 0, 154, 322, 227, 56, 10.79%, 0, 0, 2, 37.01, 9992, 1569, 0, 0
236, 0, 154, 328, 233, 56, 10.86%, 0, 0, 2, 37.84, 10184, 1580, 0, 0
241, 0, 154, 330, 235, 56, 10.93%, 0, 0, 2, 36.47, 10362, 1590, 0, 0
246, 0, 154, 333, 238, 56, 10.96%, 0, 0, 2, 37.85, 10556, 1594, 0, 0
251, 0, 154, 334, 239, 56, 10.96%, 0, 0, 2, 37.79, 10749, 1594, 0, 0
256, 0, 154, 336, 241, 56, 11.03%, 0, 0, 2, 37.40, 10927, 1604, 0, 0
261, 0, 154, 340, 245, 56, 11.08%, 0, 0, 2, 36.83, 11114, 1612, 0, 0
266, 0, 154, 340, 245, 56, 11.08%, 0, 0, 2, 35.86, 11294, 1612, 0, 0
271, 0, 154, 342, 247, 56, 11.14%, 0, 0, 2, 36.95, 11481, 1621, 0, 0
276, 0, 154, 344, 249, 56, 11.17%, 0, 0, 2, 36.96, 11668, 1624, 0, 0
281, 0, 154, 350, 255, 56, 11.28%, 0, 0, 2, 38.61, 11871, 1640, 0, 0
287, 0, 154, 352, 257, 56, 11.29%, 0, 0, 2, 38.14, 12066, 1642, 0, 0
292, 0, 154, 353, 258, 56, 11.34%, 0, 0, 2, 36.07, 12239, 1649, 0, 0
297, 0, 154, 355, 260, 56, 11.34%, 0, 0, 2, 36.56, 12419, 1650, 0, 0
302, 0, 154, 356, 261, 56, 11.35%, 0, 0, 2, 36.97, 12612, 1651, 0, 0
307, 0, 154, 357, 262, 56, 11.35%, 0, 0, 2, 36.89, 12797, 1651, 0, 0
312, 0, 154, 358, 263, 56, 11.36%, 0, 0, 2, 37.54, 12993, 1652, 0, 0
317, 0, 154, 359, 264, 56, 11.36%, 0, 0, 2, 38.26, 13191, 1652, 0, 0
322, 0, 154, 360, 265, 56, 11.39%, 0, 0, 2, 38.75, 13390, 1656, 0, 0
328, 0, 154, 361, 266, 56, 11.39%, 0, 0, 2, 38.72, 13589, 1656, 0, 0
333, 0, 154, 363, 268, 56, 11.43%, 0, 0, 2, 35.93, 13758, 1662, 0, 0
338, 0, 154, 366, 271, 56, 11.50%, 0, 0, 2, 37.83, 13958, 1673, 0, 0
343, 0, 154, 368, 273, 56, 11.52%, 0, 0, 2, 38.34, 14152, 1675, 0, 0
348, 0, 154, 369, 274, 56, 11.52%, 0, 0, 2, 37.74, 14343, 1675, 0, 0
353, 0, 154, 370, 275, 56, 11.52%, 0, 0, 2, 38.41, 14539, 1675, 0, 0
358, 0, 154, 372, 277, 56, 11.54%, 0, 0, 2, 38.49, 14739, 1679, 0, 0
364, 0, 154, 374, 279, 56, 11.57%, 0, 0, 2, 38.27, 14933, 1683, 0, 0
369, 0, 154, 377, 282, 56, 11.61%, 0, 0, 2, 38.26, 15129, 1688, 0, 0
374, 0, 154, 378, 283, 56, 11.64%, 0, 0, 2, 38.50, 15327, 1693, 0, 0
379, 0, 154, 378, 283, 56, 11.64%, 0, 0, 2, 38.41, 15519, 1693, 0, 0
384, 0, 154, 379, 284, 56, 11.64%, 0, 0, 2, 37.38, 15707, 1693, 0, 0
390, 0, 155, 380, 284, 118, 11.67%, 0, 0, 2, 38.04, 15930, 1697, 0, 0
395, 0, 256, 380, 283, 117, 11.67%, 0, 0, 2, 35.33, 16109, 1697, 0, 0
400, 0, 256, 380, 283, 117, 11.67%, 0, 0, 2, 34.89, 16289, 1697, 0, 0
405, 0, 256, 380, 283, 117, 11.67%, 0, 0, 2, 34.64, 16465, 1697, 0, 0
410, 0, 256, 380, 283, 117, 11.67%, 0, 0, 2, 34.47, 16641, 1697, 0, 0
415, 0, 256, 380, 283, 117, 11.67%, 0, 0, 2, 34.74, 16819, 1697, 0, 0
420, 0, 256, 380, 283, 117, 11.67%, 0, 0, 2, 34.78, 16996, 1697, 0, 0
425, 0, 256, 380, 283, 117, 11.67%, 0, 0, 2, 34.70, 17173, 1697, 0, 0
430, 0, 256, 381, 284, 117, 11.67%, 0, 0, 2, 34.32, 17346, 1698, 0, 0
436, 0, 256, 381, 284, 117, 11.67%, 0, 0, 2, 34.00, 17521, 1698, 0, 0
441, 0, 256, 381, 284, 117, 11.67%, 0, 0, 2, 33.31, 17693, 1698, 0, 0
446, 0, 256, 382, 285, 117, 11.69%, 0, 0, 2, 34.46, 17872, 1700, 0, 0
451, 0, 256, 382, 285, 117, 11.69%, 0, 0, 2, 34.50, 18047, 1700, 0, 0
456, 0, 256, 383, 286, 117, 11.70%, 0, 0, 2, 34.53, 18222, 1702, 0, 0
461, 0, 256, 383, 286, 117, 11.70%, 0, 0, 2, 34.52, 18399, 1702, 0, 0
466, 0, 256, 383, 286, 117, 11.70%, 0, 0, 2, 34.27, 18575, 1702, 0, 0
472, 0, 256, 383, 286, 117, 11.70%, 0, 0, 2, 33.82, 18750, 1702, 0, 0
477, 0, 256, 383, 286, 117, 11.70%, 0, 0, 2, 33.88, 18925, 1702, 0, 0
482, 0, 256, 383, 286, 117, 11.70%, 0, 0, 2, 33.93, 19100, 1702, 0, 0
487, 0, 256, 383, 286, 117, 11.70%, 0, 0, 2, 34.42, 19276, 1702, 0, 0
492, 0, 256, 383, 286, 117, 11.70%, 0, 0, 2, 34.47, 19454, 1702, 0, 0
497, 0, 256, 383, 286, 117, 11.70%, 0, 0, 2, 34.48, 19629, 1702, 0, 0
502, 0, 256, 383, 286, 117, 11.70%, 0, 0, 2, 34.64, 19805, 1702, 0, 0
507, 0, 256, 383, 286, 117, 11.70%, 0, 0, 2, 34.61, 19983, 1702, 0, 0
513, 0, 256, 383, 286, 117, 11.70%, 0, 0, 2, 34.51, 20160, 1702, 0, 0
518, 0, 256, 383, 286, 117, 11.70%, 0, 0, 2, 34.36, 20338, 1702, 0, 0
523, 0, 256, 383, 286, 117, 11.70%, 0, 0, 2, 34.06, 20514, 1702, 0, 0
528, 0, 256, 383, 286, 117, 11.70%, 0, 0, 2, 34.24, 20689, 1702, 0, 0
533, 0, 256, 383, 286, 117, 11.70%, 0, 0, 2, 33.83, 20861, 1702, 0, 0
538, 0, 256, 383, 286, 117, 11.70%, 0, 0, 2, 34.05, 21037, 1702, 0, 0
543, 0, 256, 383, 286, 117, 11.70%, 0, 0, 2, 34.44, 21212, 1702, 0, 0
548, 0, 256, 383, 286, 117, 11.70%, 0, 0, 2, 34.47, 21387, 1702, 0, 0
554, 0, 256, 383, 286, 117, 11.70%, 0, 0, 2, 34.27, 21563, 1702, 0, 0
559, 0, 256, 383, 286, 117, 11.70%, 0, 0, 2, 34.20, 21738, 1702, 0, 0
564, 0, 256, 383, 286, 117, 11.70%, 0, 0, 2, 34.01, 21913, 1702, 0, 0
569, 0, 256, 383, 286, 117, 11.70%, 0, 0, 2, 33.97, 22088, 1702, 0, 0
574, 0, 256, 383, 286, 117, 11.70%, 0, 0, 2, 34.43, 22263, 1702, 0, 0
580, 0, 156, 384, 286, 119, 11.71%, 0, 0, 2, 35.74, 22480, 1703, 0, 0
585, 0, 159, 385, 286, 119, 11.71%, 0, 0, 2, 39.26, 22662, 1703, 0, 0
590, 0, 159, 392, 293, 119, 11.78%, 0, 0, 2, 36.15, 22832, 1713, 0, 0
595, 0, 159, 396, 297, 119, 11.80%, 0, 0, 2, 38.98, 23034, 1716, 0, 0
601, 0, 159, 398, 299, 119, 11.80%, 0, 0, 2, 36.29, 23220, 1717, 0, 0
606, 0, 159, 399, 300, 119, 11.80%, 0, 0, 2, 36.86, 23396, 1717, 0, 0
611, 0, 159, 401, 302, 119, 11.83%, 0, 0, 2, 35.73, 23578, 1720, 0, 0
616, 0, 159, 406, 307, 119, 11.89%, 0, 0, 2, 37.58, 23770, 1729, 0, 0
621, 0, 159, 408, 309, 119, 11.89%, 0, 0, 2, 38.54, 23965, 1729, 0, 0
626, 0, 159, 409, 310, 119, 11.89%, 0, 0, 2, 38.46, 24148, 1729, 0, 0
631, 0, 159, 409, 310, 119, 11.89%, 0, 0, 2, 38.47, 24345, 1729, 0, 0
636, 0, 159, 411, 312, 119, 11.94%, 0, 0, 2, 38.69, 24540, 1736, 0, 0
641, 0, 159, 411, 312, 119, 11.94%, 0, 0, 2, 38.23, 24714, 1736, 0, 0
646, 0, 159, 415, 316, 119, 12.05%, 0, 0, 2, 38.75, 24910, 1752, 0, 0
651, 0, 159, 415, 316, 119, 12.05%, 0, 0, 2, 36.58, 25087, 1752, 0, 0
656, 0, 159, 415, 316, 119, 12.05%, 0, 0, 2, 37.95, 25280, 1752, 0, 0
661, 0, 159, 416, 317, 119, 12.07%, 0, 0, 2, 37.40, 25470, 1756, 0, 0
666, 0, 159, 418, 319, 119, 12.08%, 0, 0, 2, 38.74, 25672, 1757, 0, 0
672, 0, 159, 420, 321, 119, 12.09%, 0, 0, 2, 38.19, 25854, 1758, 0, 0
677, 0, 159, 421, 322, 119, 12.09%, 0, 0, 2, 38.72, 26053, 1759, 0, 0
682, 0, 159, 421, 322, 119, 12.09%, 0, 0, 2, 38.97, 26251, 1759, 0, 0
687, 0, 159, 422, 323, 119, 12.09%, 0, 0, 2, 38.55, 26444, 1759, 0, 0
692, 0, 159, 424, 325, 119, 12.10%, 0, 0, 2, 37.80, 26636, 1760, 0, 0
697, 0, 159, 424, 325, 119, 12.10%, 0, 0, 2, 35.79, 26812, 1760, 0, 0
702, 0, 159, 424, 325, 119, 12.10%, 0, 0, 2, 37.87, 27008, 1760, 0, 0
707, 0, 159, 424, 325, 119, 12.10%, 0, 0, 2, 37.25, 27196, 1760, 0, 0
713, 0, 159, 424, 325, 119, 12.10%, 0, 0, 2, 35.68, 27379, 1760, 0, 0
718, 0, 159, 424, 325, 119, 12.10%, 0, 0, 2, 38.11, 27576, 1760, 0, 0
723, 0, 159, 427, 328, 119, 12.13%, 0, 0, 2, 38.86, 27773, 1764, 0, 0
728, 0, 159, 427, 328, 119, 12.13%, 0, 0, 2, 36.94, 27953, 1764, 0, 0
733, 0, 162, 429, 329, 140, 12.14%, 0, 0, 2, 39.50, 28176, 1766, 0, 0
738, 0, 162, 438, 338, 140, 12.29%, 0, 0, 2, 40.76, 28377, 1788, 0, 0
744, 0, 162, 444, 344, 140, 12.38%, 0, 0, 2, 41.76, 28594, 1800, 0, 0
749, 0, 162, 447, 347, 140, 12.40%, 0, 0, 2, 41.76, 28810, 1803, 0, 0
754, 0, 162, 447, 347, 140, 12.40%, 0, 0, 2, 39.97, 29017, 1803, 0, 0
759, 0, 162, 447, 347, 140, 12.40%, 0, 0, 2, 35.58, 29194, 1803, 0, 0
764, 0, 162, 448, 348, 140, 12.40%, 0, 0, 2, 35.95, 29376, 1804, 0, 0
769, 0, 162, 450, 350, 140, 12.42%, 0, 0, 2, 37.96, 29570, 1806, 0, 0
774, 0, 162, 452, 352, 140, 12.44%, 0, 0, 2, 38.08, 29763, 1810, 0, 0
779, 0, 162, 453, 353, 140, 12.46%, 0, 0, 2, 37.67, 29947, 1812, 0, 0
785, 0, 162, 456, 356, 140, 12.49%, 0, 0, 2, 38.37, 30146, 1816, 0, 0
790, 0, 162, 457, 357, 140, 12.50%, 0, 0, 2, 38.38, 30332, 1818, 0, 0
795, 0, 162, 459, 359, 140, 12.53%, 0, 0, 2, 36.41, 30514, 1823, 0, 0
800, 0, 162, 460, 360, 140, 12.54%, 0, 0, 2, 37.48, 30706, 1824, 0, 0
805, 0, 162, 461, 361, 140, 12.55%, 0, 0, 2, 38.53, 30903, 1825, 0, 0
810, 0, 162, 463, 363, 140, 12.57%, 0, 0, 2, 38.17, 31096, 1829, 0, 0
815, 0, 162, 463, 363, 140, 12.57%, 0, 0, 2, 36.72, 31282, 1829, 0, 0
820, 0, 162, 464, 364, 140, 12.57%, 0, 0, 2, 39.01, 31487, 1829, 0, 0
825, 0, 162, 465, 365, 140, 12.57%, 0, 0, 2, 37.56, 31649, 1829, 0, 0
831, 0, 162, 465, 365, 140, 12.57%, 0, 0, 2, 38.92, 31853, 1829, 0, 0
836, 0, 162, 466, 366, 140, 12.58%, 0, 0, 2, 38.36, 32046, 1830, 0, 0
841, 0, 162, 466, 366, 140, 12.58%, 0, 0, 2, 38.49, 32243, 1830, 0, 0
846, 0, 162, 469, 369, 140, 12.60%, 0, 0, 2, 38.27, 32440, 1832, 0, 0
851, 0, 162, 470, 370, 140, 12.60%, 0, 0, 2, 38.03, 32629, 1833, 0, 0
856, 0, 162, 472, 372, 140, 12.60%, 0, 0, 2, 38.65, 32827, 1833, 0, 0
861, 0, 162, 474, 374, 140, 12.65%, 0, 0, 2, 38.67, 33025, 1840, 0, 0
866, 0, 162, 476, 376, 140, 12.66%, 0, 0, 2, 39.17, 33224, 1842, 0, 0
871, 0, 162, 476, 376, 140, 12.66%, 0, 0, 2, 23.79, 33412, 1842, 0, 0
876, 0, 162, 476, 376, 140, 12.66%, 0, 0, 2, 35.25, 33607, 1842, 0, 0
882, 0, 162, 476, 376, 140, 12.66%, 0, 0, 2, 37.58, 33805, 1842, 0, 0
887, 0, 162, 476, 376, 140, 12.66%, 0, 0, 2, 37.30, 33998, 1842, 0, 0
892, 0, 162, 477, 377, 140, 12.67%, 0, 0, 2, 38.27, 34195, 1843, 0, 0
897, 0, 162, 478, 378, 140, 12.68%, 0, 0, 2, 37.31, 34380, 1845, 0, 0
902, 0, 162, 478, 378, 140, 12.68%, 0, 0, 2, 37.60, 34558, 1845, 0, 0
907, 0, 162, 478, 378, 140, 12.68%, 0, 0, 2, 37.53, 34752, 1845, 0, 0
912, 0, 162, 478, 378, 140, 12.68%, 0, 0, 2, 37.54, 34930, 1845, 0, 0
917, 0, 162, 478, 378, 140, 12.68%, 0, 0, 2, 37.71, 35124, 1845, 0, 0
923, 0, 162, 479, 379, 140, 12.69%, 0, 0, 2, 38.02, 35322, 1846, 0, 0
928, 0, 162, 479, 379, 140, 12.69%, 0, 0, 2, 37.88, 35517, 1846, 0, 0
933, 0, 162, 479, 379, 140, 12.69%, 0, 0, 2, 37.63, 35711, 1846, 0, 0
938, 0, 162, 479, 379, 140, 12.69%, 0, 0, 2, 38.19, 35906, 1846, 0, 0
943, 0, 162, 479, 379, 140, 12.69%, 0, 0, 2, 38.25, 36103, 1846, 0, 0
948, 0, 162, 481, 381, 140, 12.71%, 0, 0, 2, 37.57, 36293, 1848, 0, 0
953, 0, 162, 481, 381, 140, 12.71%, 0, 0, 2, 37.97, 36487, 1848, 0, 0
958, 0, 162, 481, 381, 140, 12.71%, 0, 0, 2, 38.25, 36684, 1848, 0, 0
964, 0, 162, 481, 381, 140, 12.71%, 0, 0, 2, 38.08, 36881, 1848, 0, 0
969, 0, 162, 481, 381, 140, 12.71%, 0, 0, 2, 38.08, 37073, 1848, 0, 0
974, 0, 162, 482, 382, 140, 12.71%, 0, 0, 2, 40.30, 37260, 1848, 0, 0
979, 0, 162, 482, 382, 140, 12.71%, 0, 0, 2, 39.47, 37460, 1848, 0, 0
984, 0, 162, 483, 383, 140, 12.71%, 0, 0, 2, 38.69, 37656, 1849, 0, 0
989, 0, 162, 484, 384, 140, 12.73%, 0, 0, 2, 36.12, 37846, 1851, 0, 0
995, 0, 162, 484, 384, 140, 12.73%, 0, 0, 2, 37.89, 38042, 1851, 0, 0
1000, 0, 162, 484, 384, 140, 12.73%, 0, 0, 2, 38.59, 38243, 1851, 0, 0
1005, 0, 162, 484, 384, 140, 12.73%, 0, 0, 2, 38.27, 38437, 1851, 0, 0
1010, 0, 162, 484, 384, 140, 12.73%, 0, 0, 2, 38.65, 38636, 1851, 0, 0
1015, 0, 162, 484, 384, 140, 12.73%, 0, 0, 2, 38.88, 38833, 1851, 0, 0
1020, 0, 162, 486, 386, 140, 12.77%, 0, 0, 2, 38.84, 39032, 1857, 0, 0
1025, 0, 162, 486, 386, 140, 12.77%, 0, 0, 2, 37.63, 39221, 1857, 0, 0
1030, 0, 162, 486, 386, 140, 12.77%, 0, 0, 2, 38.97, 39421, 1857, 0, 0
1036, 0, 162, 487, 387, 140, 12.77%, 0, 0, 2, 38.32, 39622, 1858, 0, 0
1041, 0, 162, 488, 388, 140, 12.78%, 0, 0, 2, 39.26, 39824, 1859, 0, 0
1046, 0, 162, 488, 388, 140, 12.78%, 0, 0, 2, 37.67, 40009, 1859, 0, 0
1051, 0, 162, 488, 388, 140, 12.78%, 0, 0, 2, 38.14, 40207, 1859, 0, 0
1056, 0, 162, 488, 388, 140, 12.78%, 0, 0, 2, 39.67, 40379, 1859, 0, 0
1061, 0, 162, 489, 389, 140, 12.78%, 0, 0, 2, 38.24, 40572, 1859, 0, 0
1066, 0, 162, 489, 389, 140, 12.78%, 0, 0, 2, 37.74, 40762, 1859, 0, 0
1071, 0, 162, 490, 390, 140, 12.79%, 0, 0, 2, 38.10, 40961, 1861, 0, 0
1077, 0, 162, 490, 390, 140, 12.79%, 0, 0, 2, 39.32, 41162, 1861, 0, 0
1082, 0, 162, 492, 392, 140, 12.82%, 0, 0, 2, 38.80, 41365, 1864, 0, 0
1087, 0, 162, 492, 392, 140, 12.82%, 0, 0, 2, 38.88, 41563, 1864, 0, 0
1092, 0, 162, 492, 392, 140, 12.82%, 0, 0, 2, 39.05, 41766, 1864, 0, 0
1097, 0, 162, 493, 393, 140, 12.82%, 0, 0, 2, 38.21, 41965, 1864, 0, 0
1102, 0, 162, 493, 393, 140, 12.82%, 0, 0, 2, 37.80, 42160, 1864, 0, 0
1108, 0, 162, 493, 393, 140, 12.82%, 0, 0, 2, 37.94, 42355, 1864, 0, 0
1113, 0, 162, 493, 393, 140, 12.82%, 0, 0, 2, 37.92, 42549, 1864, 0, 0
1118, 0, 162, 494, 394, 140, 12.83%, 0, 0, 2, 38.92, 42746, 1866, 0, 0
1123, 0, 162, 494, 394, 140, 12.83%, 0, 0, 2, 38.27, 42940, 1866, 0, 0
1128, 0, 162, 494, 394, 140, 12.83%, 0, 0, 2, 38.31, 43137, 1866, 0, 0
1133, 0, 162, 494, 394, 140, 12.83%, 0, 0, 2, 39.28, 43337, 1866, 0, 0
1138, 0, 162, 496, 396, 140, 12.84%, 0, 0, 2, 39.03, 43533, 1868, 0, 0
1143, 0, 162, 496, 396, 140, 12.84%, 0, 0, 2, 38.99, 43728, 1868, 0, 0
1148, 0, 162, 497, 397, 140, 12.84%, 0, 0, 2, 39.18, 43926, 1868, 0, 0
1153, 0, 162, 497, 397, 140, 12.84%, 0, 0, 2, 38.41, 44119, 1868, 0, 0
1158, 0, 162, 497, 397, 140, 12.84%, 0, 0, 2, 38.58, 44317, 1868, 0, 0
1163, 0, 162, 497, 397, 140, 12.84%, 0, 0, 2, 38.56, 44517, 1868, 0, 0
1168, 0, 162, 497, 397, 140, 12.84%, 0, 0, 2, 39.10, 44678, 1868, 0, 0
