# relative_time, cycles_done, cur_item, corpus_count, pending_total, pending_favs, map_size, saved_crashes, saved_hangs, max_depth, execs_per_sec, total_execs, edges_found, total_crashes, servers_count
62, 0, 0, 381, 372, 90, 26.03%, 0, 0, 2, 57.04, 5653, 958, 0, 0
67, 0, 0, 388, 379, 90, 26.08%, 0, 0, 2, 52.12, 5888, 960, 0, 0
72, 0, 0, 391, 382, 90, 26.13%, 0, 0, 2, 56.92, 6182, 962, 0, 0
77, 0, 0, 396, 387, 90, 26.22%, 0, 0, 2, 57.33, 6471, 965, 0, 0
82, 0, 0, 401, 392, 90, 26.41%, 0, 0, 2, 59.45, 6775, 972, 0, 0
87, 0, 0, 406, 397, 90, 26.43%, 0, 0, 2, 55.42, 7042, 973, 0, 0
93, 0, 0, 409, 400, 90, 26.43%, 0, 0, 2, 53.85, 7296, 973, 0, 0
98, 0, 0, 412, 403, 90, 26.46%, 0, 0, 2, 55.96, 7582, 974, 0, 0
103, 0, 0, 415, 406, 90, 26.46%, 0, 0, 2, 54.55, 7843, 974, 0, 0
108, 0, 0, 420, 411, 90, 26.46%, 0, 0, 2, 56.52, 8111, 974, 0, 0
113, 0, 0, 423, 414, 90, 26.49%, 0, 0, 2, 55.33, 8388, 975, 0, 0
118, 0, 0, 427, 418, 90, 26.51%, 0, 0, 2, 55.04, 8644, 976, 0, 0
123, 0, 0, 428, 419, 90, 26.60%, 0, 0, 2, 57.17, 8938, 979, 0, 0
128, 0, 0, 430, 421, 90, 26.60%, 0, 0, 2, 56.77, 9233, 979, 0, 0
134, 0, 0, 433, 424, 90, 26.65%, 0, 0, 2, 57.92, 9536, 981, 0, 0
139, 0, 0, 437, 428, 90, 26.81%, 0, 0, 2, 57.20, 9830, 987, 0, 0
144, 0, 0, 440, 431, 90, 26.87%, 0, 0, 2, 58.21, 10104, 989, 0, 0
149, 0, 0, 441, 432, 90, 26.87%, 0, 0, 2, 54.43, 10367, 989, 0, 0
154, 0, 0, 446, 437, 90, 26.92%, 0, 0, 2, 59.39, 10678, 991, 0, 0
159, 0, 0, 448, 439, 90, 26.92%, 0, 0, 2, 56.43, 10946, 991, 0, 0
164, 0, 0, 449, 440, 90, 26.92%, 0, 0, 2, 56.68, 11227, 991, 0, 0
170, 0, 1, 454, 445, 122, 27.09%, 0, 0, 2, 54.07, 11492, 997, 0, 0
175, 0, 1, 458, 449, 122, 27.19%, 0, 0, 2, 51.84, 11758, 1001, 0, 0
180, 0, 1, 462, 453, 122, 27.22%, 0, 0, 2, 51.74, 12018, 1002, 0, 0
185, 0, 1, 464, 455, 122, 27.25%, 0, 0, 2, 52.27, 12272, 1003, 0, 0
190, 0, 1, 466, 457, 122, 27.25%, 0, 0, 2, 51.14, 12528, 1003, 0, 0
195, 0, 1, 468, 459, 122, 27.25%, 0, 0, 2, 50.35, 12764, 1003, 0, 0
200, 0, 1, 469, 460, 122, 27.28%, 0, 0, 2, 53.03, 13029, 1004, 0, 0
205, 0, 1, 470, 461, 122, 27.28%, 0, 0, 2, 52.37, 13278, 1004, 0, 0
210, 0, 1, 471, 462, 122, 27.28%, 0, 0, 2, 51.16, 13535, 1004, 0, 0
215, 0, 1, 475, 466, 122, 27.33%, 0, 0, 2, 49.29, 13761, 1006, 0, 0
220, 0, 1, 478, 469, 122, 27.33%, 0, 0, 2, 53.76, 14020, 1006, 0, 0
226, 0, 1, 480, 471, 122, 27.36%, 0, 0, 2, 53.45, 14290, 1007, 0, 0
231, 0, 1, 481, 472, 122, 27.36%, 0, 0, 2, 51.38, 14539, 1007, 0, 0
236, 0, 1, 482, 473, 122, 27.38%, 0, 0, 2, 50.38, 14799, 1008, 0, 0
241, 0, 1, 482, 473, 122, 27.38%, 0, 0, 2, 52.42, 15065, 1008, 0, 0
246, 0, 1, 484, 475, 122, 27.38%, 0, 0, 2, 51.06, 15334, 1008, 0, 0
251, 0, 1, 485, 476, 122, 27.38%, 0, 0, 2, 52.23, 15593, 1008, 0, 0
256, 0, 1, 485, 476, 122, 27.38%, 0, 0, 2, 54.18, 15862, 1008, 0, 0
261, 0, 1, 486, 477, 122, 27.38%, 0, 0, 2, 54.62, 16134, 1008, 0, 0
267, 0, 1, 487, 478, 122, 27.38%, 0, 0, 2, 51.34, 16383, 1008, 0, 0
272, 0, 1, 487, 478, 122, 27.38%, 0, 0, 2, 52.58, 16652, 1008, 0, 0
277, 0, 1, 488, 479, 122, 27.38%, 0, 0, 2, 51.47, 16910, 1008, 0, 0
282, 0, 1, 489, 480, 122, 27.38%, 0, 0, 2, 50.72, 17167, 1008, 0, 0
287, 0, 1, 489, 480, 122, 27.38%, 0, 0, 2, 52.01, 17436, 1008, 0, 0
292, 0, 1, 490, 481, 122, 27.38%, 0, 0, 2, 51.96, 17694, 1008, 0, 0
297, 0, 1, 490, 481, 122, 27.38%, 0, 0, 2, 52.72, 17962, 1008, 0, 0
302, 0, 1, 490, 481, 122, 27.38%, 0, 0, 2, 53.75, 18231, 1008, 0, 0
307, 0, 2, 491, 482, 133, 27.38%, 0, 0, 2, 51.25, 18485, 1008, 0, 0
312, 0, 2, 492, 483, 133, 27.41%, 0, 0, 2, 51.53, 18746, 1009, 0, 0
317, 0, 2, 495, 486, 133, 27.44%, 0, 0, 2, 48.65, 18994, 1010, 0, 0
323, 0, 2, 497, 488, 133, 27.44%, 0, 0, 2, 49.25, 19220, 1010, 0, 0
328, 0, 2, 498, 489, 133, 27.47%, 0, 0, 2, 52.31, 19486, 1011, 0, 0
333, 0, 2, 499, 490, 133, 27.47%, 0, 0, 2, 53.37, 19757, 1011, 0, 0
338, 0, 2, 499, 490, 133, 27.47%, 0, 0, 2, 52.03, 20021, 1011, 0, 0
343, 0, 2, 500, 491, 133, 27.47%, 0, 0, 2, 51.86, 20288, 1011, 0, 0
348, 0, 2, 500, 491, 133, 27.47%, 0, 0, 2, 50.43, 20553, 1011, 0, 0
353, 0, 2, 502, 493, 133, 27.47%, 0, 0, 2, 51.79, 20816, 1011, 0, 0
359, 0, 2, 503, 494, 133, 27.47%, 0, 0, 2, 52.71, 21081, 1011, 0, 0
364, 0, 2, 505, 496, 133, 27.47%, 0, 0, 2, 49.91, 21316, 1011, 0, 0
369, 0, 2, 509, 500, 133, 27.57%, 0, 0, 2, 51.20, 21563, 1015, 0, 0
374, 0, 2, 509, 500, 133, 27.57%, 0, 0, 2, 53.30, 21832, 1015, 0, 0
379, 0, 2, 509, 500, 133, 27.57%, 0, 0, 2, 54.10, 22091, 1015, 0, 0
384, 0, 2, 510, 501, 133, 27.57%, 0, 0, 2, 51.65, 22346, 1015, 0, 0
389, 0, 2, 510, 501, 133, 27.57%, 0, 0, 2, 51.83, 22606, 1015, 0, 0
394, 0, 2, 511, 502, 133, 27.60%, 0, 0, 2, 52.42, 22867, 1016, 0, 0
399, 0, 2, 512, 503, 133, 27.60%, 0, 0, 2, 51.53, 23131, 1016, 0, 0
404, 0, 2, 512, 503, 133, 27.60%, 0, 0, 2, 51.61, 23387, 1016, 0, 0
409, 0, 2, 513, 504, 133, 27.60%, 0, 0, 2, 50.07, 23633, 1016, 0, 0
414, 0, 2, 513, 504, 133, 27.60%, 0, 0, 2, 53.34, 23906, 1016, 0, 0
419, 0, 2, 514, 505, 133, 27.60%, 0, 0, 2, 54.20, 24179, 1016, 0, 0
425, 0, 2, 514, 505, 133, 27.60%, 0, 0, 2, 49.39, 24434, 1016, 0, 0
430, 0, 2, 514, 505, 133, 27.60%, 0, 0, 2, 52.44, 24714, 1016, 0, 0
435, 0, 2, 514, 505, 133, 27.60%, 0, 0, 2, 52.21, 24978, 1016, 0, 0
440, 0, 5, 515, 506, 137, 27.60%, 0, 0, 2, 56.06, 25267, 1016, 0, 0
445, 0, 5, 516, 507, 137, 27.60%, 0, 0, 2, 56.88, 25558, 1016, 0, 0
450, 0, 5, 516, 507, 137, 27.60%, 0, 0, 2, 55.04, 25846, 1016, 0, 0
455, 0, 5, 517, 508, 137, 27.60%, 0, 0, 2, 56.30, 26129, 1016, 0, 0
461, 0, 5, 517, 508, 137, 27.60%, 0, 0, 2, 57.97, 26422, 1016, 0, 0
466, 0, 5, 517, 508, 137, 27.60%, 0, 0, 2, 56.00, 26702, 1016, 0, 0
471, 0, 5, 518, 509, 137, 27.60%, 0, 0, 2, 54.32, 26967, 1016, 0, 0
476, 0, 5, 518, 509, 137, 27.60%, 0, 0, 2, 57.28, 27262, 1016, 0, 0
481, 0, 5, 518, 509, 137, 27.60%, 0, 0, 2, 57.26, 27550, 1016, 0, 0
486, 0, 5, 518, 509, 137, 27.60%, 0, 0, 2, 58.19, 27842, 1016, 0, 0
491, 0, 5, 518, 509, 137, 27.60%, 0, 0, 2, 56.45, 28130, 1016, 0, 0
496, 0, 5, 519, 510, 137, 27.60%, 0, 0, 2, 52.50, 28393, 1016, 0, 0
501, 0, 5, 519, 510, 137, 27.60%, 0, 0, 2, 53.98, 28666, 1016, 0, 0
506, 0, 5, 519, 510, 137, 27.60%, 0, 0, 2, 55.54, 28956, 1016, 0, 0
511, 0, 5, 520, 511, 137, 27.60%, 0, 0, 2, 55.58, 29248, 1016, 0, 0
517, 0, 5, 520, 511, 137, 27.60%, 0, 0, 2, 56.94, 29534, 1016, 0, 0
522, 0, 5, 520, 511, 137, 27.60%, 0, 0, 2, 55.76, 29812, 1016, 0, 0
527, 0, 5, 521, 512, 137, 27.68%, 0, 0, 2, 55.60, 30106, 1019, 0, 0
532, 0, 5, 522, 513, 137, 27.68%, 0, 0, 2, 56.37, 30398, 1019, 0, 0
537, 0, 5, 523, 514, 137, 27.68%, 0, 0, 2, 56.95, 30672, 1019, 0, 0
542, 0, 5, 523, 514, 137, 27.68%, 0, 0, 2, 55.84, 30954, 1019, 0, 0
547, 0, 5, 523, 514, 137, 27.68%, 0, 0, 2, 55.02, 31230, 1019, 0, 0
552, 0, 5, 524, 515, 137, 27.68%, 0, 0, 2, 55.31, 31489, 1019, 0, 0
557, 0, 19, 526, 517, 138, 27.68%, 0, 0, 2, 55.67, 31755, 1019, 0, 0
562, 0, 19, 528, 519, 138, 27.68%, 0, 0, 2, 57.39, 32048, 1019, 0, 0
567, 0, 19, 528, 519, 138, 27.68%, 0, 0, 2, 59.89, 32349, 1019, 0, 0
573, 0, 19, 529, 520, 138, 27.68%, 0, 0, 2, 62.90, 32679, 1019, 0, 0
578, 0, 19, 529, 520, 138, 27.68%, 0, 0, 2, 61.78, 32982, 1019, 0, 0
583, 0, 19, 531, 522, 138, 27.71%, 0, 0, 2, 60.37, 33272, 1020, 0, 0
588, 0, 19, 532, 523, 138, 27.71%, 0, 0, 2, 62.06, 33598, 1020, 0, 0
593, 0, 19, 532, 523, 138, 27.71%, 0, 0, 2, 60.40, 33912, 1020, 0, 0
598, 0, 19, 532, 523, 138, 27.71%, 0, 0, 2, 63.50, 34243, 1020, 0, 0
603, 0, 19, 532, 523, 138, 27.71%, 0, 0, 2, 62.13, 34560, 1020, 0, 0
609, 0, 19, 532, 523, 138, 27.71%, 0, 0, 2, 60.30, 34866, 1020, 0, 0
614, 0, 19, 533, 524, 138, 27.71%, 0, 0, 2, 63.07, 35188, 1020, 0, 0
619, 0, 19, 534, 525, 138, 27.71%, 0, 0, 2, 63.24, 35518, 1020, 0, 0
624, 0, 19, 535, 526, 138, 27.71%, 0, 0, 2, 60.61, 35822, 1020, 0, 0
629, 0, 19, 536, 527, 138, 27.71%, 0, 0, 2, 62.28, 36138, 1020, 0, 0
634, 0, 19, 536, 527, 138, 27.71%, 0, 0, 2, 60.71, 36443, 1020, 0, 0
639, 0, 19, 537, 528, 138, 27.71%, 0, 0, 2, 60.18, 36734, 1020, 0, 0
645, 0, 19, 538, 529, 138, 27.71%, 0, 0, 2, 62.40, 37055, 1020, 0, 0
650, 0, 19, 538, 529, 138, 27.71%, 0, 0, 2, 60.74, 37362, 1020, 0, 0
655, 0, 19, 540, 531, 138, 27.71%, 0, 0, 2, 56.79, 37641, 1020, 0, 0
660, 0, 19, 541, 532, 138, 27.71%, 0, 0, 2, 59.58, 37946, 1020, 0, 0
665, 0, 19, 542, 533, 138, 27.71%, 0, 0, 2, 59.42, 38240, 1020, 0, 0
670, 0, 21, 543, 534, 137, 27.71%, 0, 0, 2, 58.90, 38539, 1020, 0, 0
675, 0, 21, 544, 535, 137, 27.71%, 0, 0, 2, 57.50, 38827, 1020, 0, 0
680, 0, 21, 544, 535, 137, 27.71%, 0, 0, 2, 56.10, 39115, 1020, 0, 0
685, 0, 21, 547, 538, 137, 27.71%, 0, 0, 2, 58.47, 39407, 1020, 0, 0
691, 0, 21, 548, 539, 137, 27.74%, 0, 0, 2, 56.45, 39697, 1021, 0, 0
696, 0, 21, 549, 540, 137, 27.74%, 0, 0, 2, 54.93, 39972, 1021, 0, 0
701, 0, 21, 551, 542, 137, 27.74%, 0, 0, 2, 56.62, 40251, 1021, 0, 0
706, 0, 21, 551, 542, 137, 27.74%, 0, 0, 2, 58.74, 40548, 1021, 0, 0
711, 0, 21, 551, 542, 137, 27.74%, 0, 0, 2, 58.46, 40844, 1021, 0, 0
716, 0, 21, 551, 542, 137, 27.74%, 0, 0, 2, 56.69, 41133, 1021, 0, 0
721, 0, 21, 552, 543, 137, 27.74%, 0, 0, 2, 54.84, 41402, 1021, 0, 0
726, 0, 21, 552, 543, 137, 27.74%, 0, 0, 2, 55.51, 41686, 1021, 0, 0
731, 0, 21, 553, 544, 137, 27.74%, 0, 0, 2, 56.16, 41975, 1021, 0, 0
736, 0, 21, 553, 544, 137, 27.74%, 0, 0, 2, 55.34, 42258, 1021, 0, 0
742, 0, 21, 554, 545, 137, 27.79%, 0, 0, 2, 55.05, 42516, 1023, 0, 0
747, 0, 21, 555, 546, 137, 27.79%, 0, 0, 2, 56.13, 42804, 1023, 0, 0
752, 0, 21, 555, 546, 137, 27.79%, 0, 0, 2, 56.86, 43093, 1023, 0, 0
757, 0, 21, 556, 547, 137, 27.79%, 0, 0, 2, 55.94, 43358, 1023, 0, 0
762, 0, 21, 556, 547, 137, 27.79%, 0, 0, 2, 54.77, 43638, 1023, 0, 0
767, 0, 21, 556, 547, 137, 27.79%, 0, 0, 2, 56.28, 43924, 1023, 0, 0
772, 0, 21, 556, 547, 137, 27.79%, 0, 0, 2, 57.11, 44215, 1023, 0, 0
777, 0, 21, 557, 548, 137, 27.82%, 0, 0, 2, 56.41, 44492, 1024, 0, 0
782, 0, 21, 559, 550, 137, 27.82%, 0, 0, 2, 53.71, 44741, 1024, 0, 0
787, 0, 21, 559, 550, 137, 27.82%, 0, 0, 2, 53.66, 45017, 1024, 0, 0
792, 0, 28, 560, 551, 138, 27.82%, 0, 0, 2, 52.00, 45286, 1024, 0, 0
797, 0, 28, 562, 553, 138, 27.90%, 0, 0, 2, 49.26, 45531, 1027, 0, 0
803, 0, 28, 564, 555, 138, 27.90%, 0, 0, 2, 45.90, 45743, 1027, 0, 0
808, 0, 28, 566, 557, 138, 27.90%, 0, 0, 2, 47.70, 45974, 1027, 0, 0
813, 0, 28, 567, 558, 138, 27.90%, 0, 0, 2, 47.58, 46198, 1027, 0, 0
818, 0, 28, 568, 559, 138, 27.90%, 0, 0, 2, 47.98, 46446, 1027, 0, 0
823, 0, 28, 571, 562, 138, 27.93%, 0, 0, 2, 49.76, 46706, 1028, 0, 0
828, 0, 28, 571, 562, 138, 27.93%, 0, 0, 2, 51.07, 46973, 1028, 0, 0
833, 0, 28, 571, 562, 138, 27.93%, 0, 0, 2, 48.88, 47222, 1028, 0, 0
838, 0, 28, 571, 562, 138, 27.93%, 0, 0, 2, 50.70, 47483, 1028, 0, 0
843, 0, 28, 571, 562, 138, 27.93%, 0, 0, 2, 51.30, 47745, 1028, 0, 0
849, 0, 28, 572, 563, 138, 27.93%, 0, 0, 2, 51.98, 48005, 1028, 0, 0
854, 0, 28, 572, 563, 138, 27.93%, 0, 0, 2, 49.78, 48256, 1028, 0, 0
859, 0, 28, 573, 564, 138, 27.95%, 0, 0, 2, 48.40, 48508, 1029, 0, 0
864, 0, 28, 573, 564, 138, 27.95%, 0, 0, 2, 49.87, 48762, 1029, 0, 0
869, 0, 28, 574, 565, 138, 27.95%, 0, 0, 2, 49.41, 49014, 1029, 0, 0
874, 0, 28, 574, 565, 138, 27.95%, 0, 0, 2, 47.62, 49258, 1029, 0, 0
879, 0, 28, 574, 565, 138, 27.95%, 0, 0, 2, 49.58, 49505, 1029, 0, 0
884, 0, 28, 575, 566, 138, 27.95%, 0, 0, 2, 48.98, 49736, 1029, 0, 0
889, 0, 28, 575, 566, 138, 27.95%, 0, 0, 2, 48.36, 49982, 1029, 0, 0
895, 0, 28, 576, 567, 138, 27.95%, 0, 0, 2, 47.74, 50203, 1029, 0, 0
900, 0, 28, 577, 568, 138, 27.95%, 0, 0, 2, 48.35, 50447, 1029, 0, 0
905, 0, 28, 577, 568, 138, 27.95%, 0, 0, 2, 47.34, 50682, 1029, 0, 0
910, 0, 28, 577, 568, 138, 27.95%, 0, 0, 2, 47.67, 50929, 1029, 0, 0
915, 0, 28, 578, 569, 138, 27.95%, 0, 0, 2, 44.17, 51153, 1029, 0, 0
920, 0, 28, 579, 570, 138, 28.04%, 0, 0, 2, 48.90, 51407, 1032, 0, 0
925, 0, 28, 579, 570, 138, 28.04%, 0, 0, 2, 48.15, 51651, 1032, 0, 0
930, 0, 28, 579, 570, 138, 28.04%, 0, 0, 2, 47.05, 51888, 1032, 0, 0
936, 0, 31, 582, 573, 141, 28.06%, 0, 0, 2, 47.63, 52129, 1033, 0, 0
941, 0, 31, 583, 574, 141, 28.06%, 0, 0, 2, 49.99, 52380, 1033, 0, 0
946, 0, 31, 585, 576, 141, 28.06%, 0, 0, 2, 50.24, 52636, 1033, 0, 0
951, 0, 31, 586, 577, 141, 28.06%, 0, 0, 2, 50.72, 52896, 1033, 0, 0
956, 0, 31, 586, 577, 141, 28.06%, 0, 0, 2, 49.43, 53147, 1033, 0, 0
961, 0, 31, 588, 579, 141, 28.14%, 0, 0, 2, 49.46, 53397, 1036, 0, 0
966, 0, 31, 588, 579, 141, 28.14%, 0, 0, 2, 46.89, 53638, 1036, 0, 0
971, 0, 31, 589, 580, 141, 28.14%, 0, 0, 2, 49.61, 53899, 1036, 0, 0
977, 0, 31, 589, 580, 141, 28.14%, 0, 0, 2, 49.09, 54149, 1036, 0, 0
982, 0, 31, 590, 581, 141, 28.14%, 0, 0, 2, 50.49, 54396, 1036, 0, 0
987, 0, 31, 590, 581, 141, 28.14%, 0, 0, 2, 50.52, 54650, 1036, 0, 0
992, 0, 31, 591, 582, 141, 28.14%, 0, 0, 2, 48.66, 54877, 1036, 0, 0
997, 0, 31, 592, 583, 141, 28.14%, 0, 0, 2, 50.58, 55137, 1036, 0, 0
1002, 0, 31, 592, 583, 141, 28.14%, 0, 0, 2, 50.40, 55395, 1036, 0, 0
1007, 0, 31, 592, 583, 141, 28.14%, 0, 0, 2, 50.19, 55650, 1036, 0, 0
1012, 0, 31, 592, 583, 141, 28.14%, 0, 0, 2, 48.60, 55896, 1036, 0, 0
1017, 0, 31, 592, 583, 141, 28.14%, 0, 0, 2, 48.98, 56147, 1036, 0, 0
1022, 0, 31, 592, 583, 141, 28.14%, 0, 0, 2, 51.16, 56408, 1036, 0, 0
1027, 0, 31, 593, 584, 141, 28.14%, 0, 0, 2, 50.92, 56672, 1036, 0, 0
1032, 0, 31, 594, 585, 141, 28.14%, 0, 0, 2, 51.20, 56933, 1036, 0, 0
1038, 0, 31, 594, 585, 141, 28.14%, 0, 0, 2, 47.52, 57170, 1036, 0, 0
1043, 0, 31, 594, 585, 141, 28.14%, 0, 0, 2, 45.84, 57401, 1036, 0, 0
1048, 0, 31, 595, 586, 141, 28.14%, 0, 0, 2, 47.82, 57627, 1036, 0, 0
1053, 0, 31, 595, 586, 141, 28.14%, 0, 0, 2, 47.33, 57865, 1036, 0, 0
1058, 0, 31, 595, 586, 141, 28.14%, 0, 0, 2, 49.97, 58125, 1036, 0, 0
1063, 0, 31, 595, 586, 141, 28.14%, 0, 0, 2, 49.87, 58380, 1036, 0, 0
1068, 0, 31, 596, 587, 141, 28.14%, 0, 0, 2, 50.37, 58636, 1036, 0, 0
1073, 0, 34, 596, 587, 143, 28.14%, 0, 0, 2, 60.16, 58945, 1036, 0, 0
1078, 0, 34, 597, 588, 143, 28.14%, 0, 0, 2, 60.27, 59240, 1036, 0, 0
1083, 0, 34, 597, 588, 143, 28.14%, 0, 0, 2, 61.12, 59548, 1036, 0, 0
1089, 0, 34, 597, 588, 143, 28.14%, 0, 0, 2, 60.81, 59866, 1036, 0, 0
1094, 0, 34, 598, 589, 143, 28.17%, 0, 0, 2, 60.77, 60173, 1037, 0, 0
1099, 0, 34, 599, 590, 143, 28.17%, 0, 0, 2, 58.94, 60458, 1037, 0, 0
1104, 0, 34, 599, 590, 143, 28.17%, 0, 0, 2, 60.05, 60761, 1037, 0, 0
1109, 0, 34, 599, 590, 143, 28.17%, 0, 0, 2, 61.53, 61068, 1037, 0, 0
1114, 0, 34, 600, 591, 143, 28.17%, 0, 0, 2, 60.99, 61373, 1037, 0, 0
1119, 0, 34, 601, 592, 143, 28.17%, 0, 0, 2, 57.79, 61655, 1037, 0, 0
1124, 0, 34, 601, 592, 143, 28.17%, 0, 0, 2, 60.36, 61964, 1037, 0, 0
1129, 0, 34, 601, 592, 143, 28.17%, 0, 0, 2, 58.91, 62260, 1037, 0, 0
1134, 0, 34, 601, 592, 143, 28.17%, 0, 0, 2, 59.63, 62567, 1037, 0, 0
1139, 0, 34, 601, 592, 143, 28.17%, 0, 0, 2, 59.97, 62869, 1037, 0, 0
1144, 0, 34, 603, 594, 143, 28.23%, 0, 0, 2, 60.63, 63179, 1039, 0, 0
1149, 0, 34, 603, 594, 143, 28.23%, 0, 0, 2, 62.64, 63494, 1039, 0, 0
1154, 0, 34, 603, 594, 143, 28.23%, 0, 0, 2, 60.61, 63801, 1039, 0, 0
1159, 0, 34, 604, 595, 143, 28.23%, 0, 0, 2, 59.43, 64107, 1039, 0, 0
1165, 0, 34, 605, 596, 143, 28.25%, 0, 0, 2, 60.14, 64416, 1040, 0, 0
1170, 0, 34, 607, 598, 143, 28.25%, 0, 0, 2, 59.12, 64710, 1040, 0, 0
1175, 0, 34, 608, 599, 143, 28.28%, 0, 0, 2, 60.67, 65020, 1041, 0, 0
1180, 0, 34, 608, 599, 143, 28.28%, 0, 0, 2, 60.25, 65324, 1041, 0, 0
1185, 0, 36, 608, 599, 146, 28.28%, 0, 0, 2, 58.65, 65620, 1041, 0, 0
1190, 0, 36, 609, 600, 146, 28.28%, 0, 0, 2, 59.48, 65917, 1041, 0, 0
1195, 0, 36, 609, 600, 146, 28.28%, 0, 0, 2, 60.28, 66218, 1041, 0, 0
1200, 0, 36, 610, 601, 146, 28.28%, 0, 0, 2, 58.13, 66505, 1041, 0, 0
1205, 0, 36, 610, 601, 146, 28.28%, 0, 0, 2, 58.11, 66802, 1041, 0, 0
1210, 0, 36, 611, 602, 146, 28.28%, 0, 0, 2, 57.78, 67086, 1041, 0, 0
1215, 0, 36, 611, 602, 146, 28.28%, 0, 0, 2, 58.06, 67382, 1041, 0, 0
1220, 0, 36, 611, 602, 146, 28.28%, 0, 0, 2, 59.41, 67684, 1041, 0, 0
1226, 0, 36, 611, 602, 146, 28.28%, 0, 0, 2, 59.93, 67986, 1041, 0, 0
1231, 0, 36, 612, 603, 146, 28.28%, 0, 0, 2, 58.62, 68283, 1041, 0, 0
1236, 0, 36, 612, 603, 146, 28.28%, 0, 0, 2, 59.91, 68581, 1041, 0, 0
1241, 0, 36, 612, 603, 146, 28.28%, 0, 0, 2, 56.68, 68865, 1041, 0, 0
1246, 0, 36, 612, 603, 146, 28.28%, 0, 0, 2, 57.84, 69163, 1041, 0, 0
1251, 0, 36, 612, 603, 146, 28.28%, 0, 0, 2, 60.19, 69473, 1041, 0, 0
1256, 0, 36, 613, 604, 146, 28.28%, 0, 0, 2, 61.62, 69788, 1041, 0, 0
1261, 0, 36, 613, 604, 146, 28.28%, 0, 0, 2, 59.14, 70088, 1041, 0, 0
1266, 0, 36, 614, 605, 146, 28.28%, 0, 0, 2, 57.86, 70378, 1041, 0, 0
1271, 0, 36, 614, 605, 146, 28.28%, 0, 0, 2, 60.71, 70684, 1041, 0, 0
1276, 0, 36, 616, 607, 146, 28.31%, 0, 0, 2, 60.73, 70979, 1042, 0, 0
1281, 0, 36, 616, 607, 146, 28.31%, 0, 0, 2, 61.56, 71285, 1042, 0, 0
1286, 0, 36, 617, 608, 146, 28.31%, 0, 0, 2, 58.87, 71567, 1042, 0, 0
1291, 0, 36, 619, 610, 146, 28.31%, 0, 0, 2, 59.20, 71842, 1042, 0, 0
1297, 0, 37, 619, 610, 146, 28.31%, 0, 0, 2, 51.88, 72112, 1042, 0, 0
1302, 0, 37, 627, 618, 146, 28.42%, 0, 0, 2, 42.52, 72272, 1046, 0, 0
1307, 0, 37, 637, 628, 146, 28.47%, 0, 0, 2, 37.47, 72431, 1048, 0, 0
1312, 0, 37, 647, 638, 146, 28.50%, 0, 0, 2, 32.77, 72556, 1049, 0, 0
1318, 0, 37, 660, 651, 146, 28.63%, 0, 0, 2, 34.76, 72744, 1054, 0, 0
1323, 0, 37, 674, 665, 146, 28.66%, 0, 0, 2, 35.12, 72921, 1055, 0, 0
1329, 0, 37, 684, 675, 146, 28.72%, 0, 0, 2, 28.60, 73041, 1057, 0, 0
1334, 0, 37, 697, 688, 146, 28.77%, 0, 0, 2, 33.97, 73218, 1059, 0, 0
1339, 0, 37, 708, 699, 146, 28.77%, 0, 0, 2, 31.51, 73352, 1059, 0, 0
1344, 0, 37, 718, 709, 146, 28.80%, 0, 0, 2, 28.44, 73476, 1060, 0, 0
1350, 0, 37, 728, 719, 146, 28.80%, 0, 0, 2, 25.96, 73603, 1060, 0, 0
1355, 0, 37, 736, 727, 146, 28.82%, 0, 0, 2, 23.65, 73698, 1061, 0, 0
1360, 0, 37, 743, 734, 146, 28.82%, 0, 0, 2, 21.07, 73788, 1061, 0, 0
1366, 0, 37, 751, 742, 146, 28.82%, 0, 0, 2, 22.34, 73888, 1061, 0, 0
1371, 0, 37, 757, 748, 146, 28.82%, 0, 0, 2, 20.67, 73971, 1061, 0, 0
1376, 0, 37, 767, 758, 146, 28.85%, 0, 0, 2, 25.54, 74097, 1062, 0, 0
1381, 0, 37, 779, 770, 146, 28.88%, 0, 0, 2, 28.53, 74246, 1063, 0, 0
1386, 0, 37, 790, 781, 146, 28.88%, 0, 0, 2, 25.00, 74352, 1063, 0, 0
1391, 0, 37, 802, 793, 146, 28.96%, 0, 0, 2, 26.57, 74488, 1066, 0, 0
1397, 0, 37, 814, 805, 146, 29.10%, 0, 0, 2, 27.24, 74630, 1071, 0, 0
1402, 0, 37, 827, 818, 146, 29.39%, 0, 0, 2, 29.02, 74784, 1082, 0, 0
1407, 0, 37, 841, 832, 146, 29.50%, 0, 0, 2, 32.15, 74956, 1086, 0, 0
1412, 0, 38, 853, 844, 174, 29.53%, 0, 0, 2, 32.57, 75113, 1087, 0, 0
1418, 0, 38, 853, 844, 174, 29.53%, 0, 0, 2, 52.39, 75407, 1087, 0, 0
1423, 0, 38, 853, 844, 174, 29.53%, 0, 0, 2, 59.24, 75716, 1087, 0, 0
1428, 0, 38, 853, 844, 174, 29.53%, 0, 0, 2, 60.89, 76024, 1087, 0, 0
1433, 0, 38, 853, 844, 174, 29.53%, 0, 0, 2, 60.26, 76322, 1087, 0, 0
1438, 0, 38, 853, 844, 174, 29.53%, 0, 0, 2, 58.76, 76621, 1087, 0, 0
1443, 0, 38, 854, 845, 174, 29.53%, 0, 0, 2, 58.67, 76914, 1087, 0, 0
1448, 0, 38, 854, 845, 174, 29.53%, 0, 0, 2, 60.92, 77228, 1087, 0, 0
1453, 0, 38, 854, 845, 174, 29.53%, 0, 0, 2, 59.08, 77525, 1087, 0, 0
1458, 0, 38, 854, 845, 174, 29.53%, 0, 0, 2, 58.48, 77816, 1087, 0, 0
1463, 0, 38, 854, 845, 174, 29.53%, 0, 0, 2, 60.55, 78129, 1087, 0, 0
1468, 0, 38, 854, 845, 174, 29.53%, 0, 0, 2, 59.56, 78426, 1087, 0, 0
1473, 0, 38, 854, 845, 174, 29.53%, 0, 0, 2, 59.35, 78728, 1087, 0, 0
1478, 0, 38, 854, 845, 174, 29.53%, 0, 0, 2, 59.22, 79028, 1087, 0, 0
1483, 0, 38, 854, 845, 174, 29.53%, 0, 0, 2, 60.50, 79336, 1087, 0, 0
1488, 0, 38, 854, 845, 174, 29.53%, 0, 0, 2, 61.21, 79639, 1087, 0, 0
1493, 0, 38, 854, 845, 174, 29.53%, 0, 0, 2, 57.82, 79929, 1087, 0, 0
1498, 0, 38, 854, 845, 174, 29.53%, 0, 0, 2, 59.73, 80232, 1087, 0, 0
1503, 0, 38, 854, 845, 174, 29.53%, 0, 0, 2, 61.21, 80545, 1087, 0, 0
1508, 0, 38, 854, 845, 174, 29.53%, 0, 0, 2, 58.91, 80831, 1087, 0, 0
1514, 0, 38, 854, 845, 174, 29.53%, 0, 0, 2, 60.77, 81142, 1087, 0, 0
1519, 0, 38, 854, 845, 174, 29.53%, 0, 0, 2, 62.18, 81456, 1087, 0, 0
1524, 0, 42, 854, 845, 174, 29.53%, 0, 0, 2, 59.85, 81757, 1087, 0, 0
1529, 0, 42, 854, 845, 174, 29.53%, 0, 0, 2, 53.96, 82026, 1087, 0, 0
1534, 0, 42, 854, 845, 174, 29.53%, 0, 0, 2, 51.97, 82276, 1087, 0, 0
1539, 0, 42, 855, 846, 174, 29.53%, 0, 0, 2, 51.30, 82534, 1087, 0, 0
1544, 0, 42, 855, 846, 174, 29.53%, 0, 0, 2, 51.90, 82799, 1087, 0, 0
1549, 0, 42, 855, 846, 174, 29.53%, 0, 0, 2, 52.52, 83063, 1087, 0, 0
1554, 0, 42, 855, 846, 174, 29.53%, 0, 0, 2, 53.65, 83336, 1087, 0, 0
1559, 0, 42, 855, 846, 174, 29.53%, 0, 0, 2, 51.64, 83588, 1087, 0, 0
1564, 0, 42, 855, 846, 174, 29.53%, 0, 0, 2, 54.41, 83864, 1087, 0, 0
1569, 0, 42, 855, 846, 174, 29.53%, 0, 0, 2, 55.10, 84144, 1087, 0, 0
1575, 0, 42, 855, 846, 174, 29.53%, 0, 0, 2, 53.93, 84412, 1087, 0, 0
1580, 0, 42, 855, 846, 174, 29.53%, 0, 0, 2, 54.50, 84693, 1087, 0, 0
1585, 0, 42, 855, 846, 174, 29.53%, 0, 0, 2, 53.46, 84965, 1087, 0, 0
1590, 0, 42, 855, 846, 174, 29.53%, 0, 0, 2, 53.05, 85233, 1087, 0, 0
1595, 0, 42, 855, 846, 174, 29.53%, 0, 0, 2, 54.11, 85511, 1087, 0, 0
1600, 0, 42, 855, 846, 174, 29.53%, 0, 0, 2, 53.70, 85780, 1087, 0, 0
1605, 0, 42, 855, 846, 174, 29.53%, 0, 0, 2, 51.26, 86043, 1087, 0, 0
1610, 0, 42, 855, 846, 174, 29.53%, 0, 0, 2, 51.48, 86309, 1087, 0, 0
1615, 0, 42, 855, 846, 174, 29.53%, 0, 0, 2, 53.12, 86581, 1087, 0, 0
1620, 0, 42, 855, 846, 174, 29.53%, 0, 0, 2, 53.80, 86857, 1087, 0, 0
1625, 0, 42, 855, 846, 174, 29.53%, 0, 0, 2, 50.24, 87108, 1087, 0, 0
1631, 0, 42, 855, 846, 174, 29.53%, 0, 0, 2, 51.05, 87366, 1087, 0, 0
1636, 0, 42, 855, 846, 174, 29.53%, 0, 0, 2, 49.99, 87621, 1087, 0, 0
1641, 0, 42, 855, 846, 174, 29.53%, 0, 0, 2, 47.50, 87868, 1087, 0, 0
1646, 0, 42, 855, 846, 174, 29.53%, 0, 0, 2, 51.48, 88138, 1087, 0, 0
1651, 0, 45, 856, 847, 174, 29.56%, 0, 0, 2, 52.11, 88404, 1088, 0, 0
1656, 0, 45, 856, 847, 174, 29.56%, 0, 0, 2, 49.43, 88655, 1088, 0, 0
1661, 0, 45, 856, 847, 174, 29.56%, 0, 0, 2, 50.27, 88915, 1088, 0, 0
1666, 0, 45, 856, 847, 174, 29.56%, 0, 0, 2, 51.66, 89181, 1088, 0, 0
1672, 0, 45, 856, 847, 174, 29.56%, 0, 0, 2, 51.89, 89443, 1088, 0, 0
1677, 0, 45, 856, 847, 174, 29.56%, 0, 0, 2, 52.06, 89706, 1088, 0, 0
1682, 0, 45, 856, 847, 174, 29.56%, 0, 0, 2, 51.84, 89967, 1088, 0, 0
1687, 0, 45, 856, 847, 174, 29.56%, 0, 0, 2, 52.56, 90237, 1088, 0, 0
1692, 0, 45, 857, 848, 174, 29.56%, 0, 0, 2, 52.52, 90490, 1088, 0, 0
1697, 0, 45, 857, 848, 174, 29.56%, 0, 0, 2, 51.74, 90756, 1088, 0, 0
1702, 0, 45, 857, 848, 174, 29.56%, 0, 0, 2, 49.62, 91012, 1088, 0, 0
1707, 0, 45, 857, 848, 174, 29.56%, 0, 0, 2, 50.59, 91269, 1088, 0, 0
1712, 0, 45, 857, 848, 174, 29.56%, 0, 0, 2, 51.81, 91528, 1088, 0, 0
1717, 0, 45, 857, 848, 174, 29.56%, 0, 0, 2, 49.76, 91787, 1088, 0, 0
1723, 0, 45, 857, 848, 174, 29.56%, 0, 0, 2, 50.68, 92049, 1088, 0, 0
1728, 0, 45, 857, 848, 174, 29.56%, 0, 0, 2, 51.72, 92315, 1088, 0, 0
1733, 0, 45, 857, 848, 174, 29.56%, 0, 0, 2, 50.55, 92579, 1088, 0, 0
1738, 0, 45, 858, 849, 174, 29.56%, 0, 0, 2, 50.68, 92834, 1088, 0, 0
1743, 0, 45, 858, 849, 174, 29.56%, 0, 0, 2, 54.42, 93108, 1088, 0, 0
1748, 0, 45, 858, 849, 174, 29.56%, 0, 0, 2, 53.48, 93371, 1088, 0, 0
1753, 0, 45, 858, 849, 174, 29.56%, 0, 0, 2, 49.96, 93623, 1088, 0, 0
1758, 0, 45, 858, 849, 174, 29.56%, 0, 0, 2, 51.12, 93887, 1088, 0, 0
1763, 0, 45, 858, 849, 174, 29.56%, 0, 0, 2, 49.84, 94130, 1088, 0, 0
1769, 0, 45, 858, 849, 174, 29.56%, 0, 0, 2, 49.19, 94391, 1088, 0, 0
1774, 0, 45, 858, 849, 174, 29.56%, 0, 0, 2, 51.93, 94657, 1088, 0, 0
1779, 0, 46, 858, 849, 174, 29.56%, 0, 0, 2, 52.36, 94923, 1088, 0, 0
1784, 0, 46, 858, 849, 174, 29.56%, 0, 0, 2, 54.76, 95201, 1088, 0, 0
1789, 0, 46, 858, 849, 174, 29.56%, 0, 0, 2, 53.90, 95472, 1088, 0, 0
1794, 0, 46, 858, 849, 174, 29.56%, 0, 0, 2, 54.22, 95742, 1088, 0, 0
1799, 0, 46, 859, 850, 174, 29.56%, 0, 0, 2, 53.84, 96020, 1088, 0, 0
1804, 0, 46, 859, 850, 174, 29.56%, 0, 0, 2, 52.65, 96286, 1088, 0, 0
1809, 0, 46, 859, 850, 174, 29.56%, 0, 0, 2, 52.07, 96550, 1088, 0, 0
1814, 0, 46, 859, 850, 174, 29.56%, 0, 0, 2, 54.36, 96828, 1088, 0, 0
1819, 0, 46, 859, 850, 174, 29.56%, 0, 0, 2, 54.42, 97103, 1088, 0, 0
1825, 0, 46, 859, 850, 174, 29.56%, 0, 0, 2, 55.50, 97383, 1088, 0, 0
1830, 0, 46, 859, 850, 174, 29.56%, 0, 0, 2, 49.34, 97627, 1088, 0, 0
1835, 0, 46, 859, 850, 174, 29.56%, 0, 0, 2, 49.21, 97879, 1088, 0, 0
1840, 0, 46, 859, 850, 174, 29.56%, 0, 0, 2, 51.20, 98137, 1088, 0, 0
1845, 0, 46, 859, 850, 174, 29.56%, 0, 0, 2, 49.77, 98384, 1088, 0, 0
1850, 0, 46, 859, 850, 174, 29.56%, 0, 0, 2, 50.83, 98649, 1088, 0, 0
1855, 0, 46, 859, 850, 174, 29.56%, 0, 0, 2, 52.76, 98918, 1088, 0, 0
1860, 0, 46, 859, 850, 174, 29.56%, 0, 0, 2, 52.76, 99183, 1088, 0, 0
1865, 0, 46, 859, 850, 174, 29.56%, 0, 0, 2, 53.54, 99461, 1088, 0, 0
1870, 0, 46, 859, 850, 174, 29.56%, 0, 0, 2, 51.28, 99721, 1088, 0, 0
1875, 0, 46, 859, 850, 174, 29.56%, 0, 0, 2, 49.17, 99970, 1088, 0, 0
1881, 0, 46, 859, 850, 174, 29.56%, 0, 0, 2, 51.22, 100235, 1088, 0, 0
1886, 0, 46, 859, 850, 174, 29.56%, 0, 0, 2, 49.83, 100493, 1088, 0, 0
1891, 0, 46, 859, 850, 174, 29.56%, 0, 0, 2, 51.23, 100755, 1088, 0, 0
1896, 0, 46, 859, 850, 174, 29.56%, 0, 0, 2, 51.49, 101018, 1088, 0, 0
1901, 0, 46, 859, 850, 174, 29.56%, 0, 0, 2, 54.48, 101293, 1088, 0, 0
1906, 0, 48, 859, 850, 174, 29.56%, 0, 0, 2, 53.76, 101566, 1088, 0, 0
1911, 0, 48, 859, 850, 174, 29.56%, 0, 0, 2, 54.44, 101836, 1088, 0, 0
1916, 0, 48, 859, 850, 174, 29.56%, 0, 0, 2, 52.53, 102099, 1088, 0, 0
1921, 0, 48, 859, 850, 174, 29.56%, 0, 0, 2, 54.70, 102382, 1088, 0, 0
1926, 0, 48, 859, 850, 174, 29.56%, 0, 0, 2, 55.35, 102661, 1088, 0, 0
1931, 0, 48, 859, 850, 174, 29.56%, 0, 0, 2, 53.32, 102927, 1088, 0, 0
1937, 0, 48, 859, 850, 174, 29.56%, 0, 0, 2, 52.88, 103190, 1088, 0, 0
1942, 0, 48, 859, 850, 174, 29.56%, 0, 0, 2, 52.60, 103453, 1088, 0, 0
1947, 0, 48, 859, 850, 174, 29.56%, 0, 0, 2, 53.73, 103729, 1088, 0, 0
1952, 0, 48, 859, 850, 174, 29.56%, 0, 0, 2, 52.60, 103993, 1088, 0, 0
1957, 0, 48, 859, 850, 174, 29.56%, 0, 0, 2, 54.28, 104271, 1088, 0, 0
1962, 0, 48, 859, 850, 174, 29.56%, 0, 0, 2, 50.79, 104517, 1088, 0, 0
1967, 0, 51, 860, 851, 174, 29.56%, 0, 0, 2, 47.76, 104757, 1088, 0, 0
1972, 0, 51, 861, 852, 174, 29.56%, 0, 0, 2, 47.29, 105001, 1088, 0, 0
1978, 0, 51, 861, 852, 174, 29.56%, 0, 0, 2, 48.71, 105258, 1088, 0, 0
1983, 0, 51, 861, 852, 174, 29.56%, 0, 0, 2, 51.04, 105514, 1088, 0, 0
1988, 0, 51, 861, 852, 174, 29.56%, 0, 0, 2, 53.32, 105780, 1088, 0, 0
1993, 0, 51, 861, 852, 174, 29.56%, 0, 0, 2, 53.06, 106047, 1088, 0, 0
1998, 0, 51, 862, 853, 174, 29.56%, 0, 0, 2, 54.65, 106318, 1088, 0, 0
2003, 0, 51, 863, 854, 174, 29.56%, 0, 0, 2, 54.24, 106589, 1088, 0, 0
2008, 0, 51, 863, 854, 174, 29.56%, 0, 0, 2, 51.87, 106839, 1088, 0, 0
2013, 0, 51, 863, 854, 174, 29.56%, 0, 0, 2, 56.22, 107127, 1088, 0, 0
2018, 0, 51, 863, 854, 174, 29.56%, 0, 0, 2, 55.00, 107408, 1088, 0, 0
2023, 0, 51, 863, 854, 174, 29.56%, 0, 0, 2, 55.25, 107690, 1088, 0, 0
2028, 0, 51, 863, 854, 174, 29.56%, 0, 0, 2, 54.45, 107966, 1088, 0, 0
2034, 0, 51, 863, 854, 174, 29.56%, 0, 0, 2, 54.64, 108245, 1088, 0, 0
2039, 0, 51, 864, 855, 174, 29.56%, 0, 0, 2, 55.56, 108525, 1088, 0, 0
2044, 0, 51, 864, 855, 174, 29.56%, 0, 0, 2, 54.03, 108802, 1088, 0, 0
2049, 0, 51, 864, 855, 174, 29.56%, 0, 0, 2, 54.64, 109076, 1088, 0, 0
2054, 0, 51, 864, 855, 174, 29.56%, 0, 0, 2, 53.62, 109351, 1088, 0, 0
2059, 0, 51, 864, 855, 174, 29.56%, 0, 0, 2, 52.31, 109612, 1088, 0, 0
2064, 0, 51, 864, 855, 174, 29.56%, 0, 0, 2, 55.54, 109898, 1088, 0, 0
2069, 0, 51, 864, 855, 174, 29.56%, 0, 0, 2, 55.16, 110178, 1088, 0, 0
2074, 0, 51, 864, 855, 174, 29.56%, 0, 0, 2, 53.43, 110448, 1088, 0, 0
2079, 0, 51, 864, 855, 174, 29.56%, 0, 0, 2, 51.81, 110713, 1088, 0, 0
2084, 0, 51, 864, 855, 174, 29.56%, 0, 0, 2, 52.67, 110980, 1088, 0, 0
2089, 0, 58, 864, 855, 174, 29.56%, 0, 0, 2, 54.88, 111263, 1088, 0, 0
2094, 0, 58, 864, 855, 174, 29.56%, 0, 0, 2, 50.99, 111518, 1088, 0, 0
2096, 0, 59, 864, 855, 174, 29.56%, 0, 0, 2, 47.70, 111605, 1088, 0, 0
