# relative_time, cycles_done, cur_item, corpus_count, pending_total, pending_favs, map_size, saved_crashes, saved_hangs, max_depth, execs_per_sec, total_execs, edges_found, total_crashes, servers_count
62, 0, 1, 266, 205, 47, 21.64%, 0, 0, 2, 23.73, 3937, 653, 0, 0
67, 0, 1, 274, 213, 47, 21.78%, 0, 0, 2, 22.58, 4046, 657, 0, 0
72, 0, 1, 283, 222, 47, 21.88%, 0, 0, 2, 23.01, 4163, 660, 0, 0
78, 0, 1, 287, 226, 47, 21.98%, 0, 0, 2, 22.45, 4279, 663, 0, 0
83, 0, 1, 289, 228, 47, 22.01%, 0, 0, 2, 22.41, 4386, 664, 0, 0
88, 0, 1, 293, 232, 47, 22.14%, 0, 0, 2, 21.98, 4491, 668, 0, 0
93, 0, 1, 297, 236, 47, 22.37%, 0, 0, 2, 23.85, 4615, 675, 0, 0
98, 0, 1, 300, 239, 47, 22.57%, 0, 0, 2, 23.18, 4726, 681, 0, 0
103, 0, 1, 303, 242, 47, 22.64%, 0, 0, 2, 24.64, 4854, 683, 0, 0
109, 0, 1, 307, 246, 47, 22.64%, 0, 0, 2, 22.26, 4965, 683, 0, 0
114, 0, 1, 310, 249, 47, 22.67%, 0, 0, 2, 22.95, 5082, 684, 0, 0
119, 0, 1, 313, 252, 47, 22.70%, 0, 0, 2, 22.68, 5188, 685, 0, 0
124, 0, 1, 315, 254, 47, 22.77%, 0, 0, 2, 23.40, 5313, 687, 0, 0
129, 0, 1, 318, 257, 47, 22.80%, 0, 0, 2, 22.67, 5418, 688, 0, 0
134, 0, 1, 321, 260, 47, 22.84%, 0, 0, 2, 23.15, 5538, 689, 0, 0
139, 0, 1, 325, 264, 47, 22.87%, 0, 0, 2, 23.12, 5655, 690, 0, 0
144, 0, 1, 326, 265, 47, 22.87%, 0, 0, 2, 21.98, 5766, 690, 0, 0
150, 0, 1, 329, 268, 47, 22.90%, 0, 0, 2, 21.94, 5879, 691, 0, 0
155, 0, 1, 330, 269, 47, 22.90%, 0, 0, 2, 22.42, 5992, 691, 0, 0
160, 0, 1, 333, 272, 47, 22.97%, 0, 0, 2, 21.51, 6097, 693, 0, 0
165, 0, 1, 333, 272, 47, 22.97%, 0, 0, 2, 21.24, 6206, 693, 0, 0
170, 0, 1, 333, 272, 47, 22.97%, 0, 0, 2, 22.39, 6317, 693, 0, 0
175, 0, 1, 333, 272, 47, 22.97%, 0, 0, 2, 22.93, 6436, 693, 0, 0
180, 0, 1, 335, 274, 47, 22.97%, 0, 0, 2, 21.17, 6536, 693, 0, 0
185, 0, 1, 335, 274, 47, 22.97%, 0, 0, 2, 21.99, 6649, 693, 0, 0
190, 0, 1, 338, 277, 47, 23.07%, 0, 0, 2, 23.34, 6767, 696, 0, 0
195, 0, 1, 341, 280, 47, 23.17%, 0, 0, 2, 22.45, 6879, 699, 0, 0
200, 0, 1, 341, 280, 47, 23.17%, 0, 0, 2, 23.06, 6996, 699, 0, 0
206, 0, 1, 342, 281, 47, 23.17%, 0, 0, 2, 22.63, 7115, 699, 0, 0
211, 0, 1, 344, 283, 47, 23.17%, 0, 0, 2, 22.05, 7221, 699, 0, 0
216, 0, 1, 344, 283, 47, 23.17%, 0, 0, 2, 22.78, 7338, 699, 0, 0
221, 0, 1, 347, 286, 47, 23.20%, 0, 0, 2, 25.35, 7472, 700, 0, 0
226, 0, 1, 348, 287, 47, 23.20%, 0, 0, 2, 22.53, 7580, 700, 0, 0
231, 0, 1, 350, 289, 47, 23.24%, 0, 0, 2, 24.33, 7707, 701, 0, 0
236, 0, 1, 350, 289, 47, 23.24%, 0, 0, 2, 24.43, 7832, 701, 0, 0
242, 0, 1, 352, 291, 47, 23.27%, 0, 0, 2, 22.66, 7963, 702, 0, 0
248, 0, 1, 353, 292, 47, 23.27%, 0, 0, 2, 23.89, 8085, 702, 0, 0
253, 0, 1, 354, 293, 47, 23.33%, 0, 0, 2, 22.79, 8201, 704, 0, 0
258, 0, 1, 356, 295, 47, 23.33%, 0, 0, 2, 22.23, 8312, 704, 0, 0
263, 0, 1, 357, 296, 47, 23.33%, 0, 0, 2, 22.22, 8418, 704, 0, 0
268, 0, 1, 357, 296, 47, 23.33%, 0, 0, 2, 21.16, 8528, 704, 0, 0
274, 0, 1, 360, 299, 47, 23.40%, 0, 0, 2, 22.99, 8655, 706, 0, 0
279, 0, 1, 362, 301, 47, 23.40%, 0, 0, 2, 23.84, 8772, 706, 0, 0
284, 0, 1, 363, 302, 47, 23.40%, 0, 0, 2, 22.48, 8889, 706, 0, 0
289, 0, 1, 365, 304, 47, 23.40%, 0, 0, 2, 23.04, 9005, 706, 0, 0
295, 0, 1, 367, 306, 47, 23.40%, 0, 0, 2, 23.35, 9134, 706, 0, 0
300, 0, 1, 369, 308, 47, 23.40%, 0, 0, 2, 23.09, 9253, 706, 0, 0
305, 0, 1, 369, 308, 47, 23.40%, 0, 0, 2, 22.92, 9369, 706, 0, 0
310, 0, 1, 369, 308, 47, 23.40%, 0, 0, 2, 24.14, 9497, 706, 0, 0
316, 0, 1, 369, 308, 47, 23.40%, 0, 0, 2, 23.10, 9616, 706, 0, 0
321, 0, 1, 370, 309, 47, 23.43%, 0, 0, 2, 23.21, 9736, 707, 0, 0
326, 0, 1, 371, 310, 47, 23.43%, 0, 0, 2, 21.68, 9840, 707, 0, 0
331, 0, 1, 371, 310, 47, 23.43%, 0, 0, 2, 23.26, 9956, 707, 0, 0
336, 0, 1, 372, 311, 47, 23.43%, 0, 0, 2, 23.44, 10074, 707, 0, 0
341, 0, 1, 373, 312, 47, 23.43%, 0, 0, 2, 22.76, 10195, 707, 0, 0
346, 0, 1, 374, 313, 47, 23.47%, 0, 0, 2, 23.61, 10316, 708, 0, 0
351, 0, 1, 375, 314, 47, 23.47%, 0, 0, 2, 22.71, 10435, 708, 0, 0
356, 0, 1, 375, 314, 47, 23.47%, 0, 0, 2, 21.54, 10545, 708, 0, 0
362, 0, 1, 376, 315, 47, 23.47%, 0, 0, 2, 21.49, 10648, 708, 0, 0
367, 0, 1, 376, 315, 47, 23.47%, 0, 0, 2, 23.33, 10774, 708, 0, 0
372, 0, 1, 377, 316, 47, 23.47%, 0, 0, 2, 21.86, 10879, 708, 0, 0
377, 0, 1, 378, 317, 47, 23.47%, 0, 0, 2, 22.99, 11000, 708, 0, 0
382, 0, 1, 379, 318, 47, 23.47%, 0, 0, 2, 21.98, 11106, 708, 0, 0
387, 0, 1, 379, 318, 47, 23.47%, 0, 0, 2, 22.34, 11229, 708, 0, 0
392, 0, 1, 380, 319, 47, 23.47%, 0, 0, 2, 22.29, 11338, 708, 0, 0
397, 0, 1, 380, 319, 47, 23.47%, 0, 0, 2, 23.53, 11458, 708, 0, 0
402, 0, 1, 380, 319, 47, 23.47%, 0, 0, 2, 23.73, 11583, 708, 0, 0
408, 0, 1, 380, 319, 47, 23.47%, 0, 0, 2, 24.46, 11710, 708, 0, 0
413, 0, 1, 381, 320, 47, 23.47%, 0, 0, 2, 22.89, 11823, 708, 0, 0
418, 0, 1, 381, 320, 47, 23.47%, 0, 0, 2, 23.82, 11947, 708, 0, 0
423, 0, 1, 381, 320, 47, 23.47%, 0, 0, 2, 23.96, 12070, 708, 0, 0
428, 0, 1, 381, 320, 47, 23.47%, 0, 0, 2, 24.08, 12188, 708, 0, 0
433, 0, 1, 382, 321, 47, 23.47%, 0, 0, 2, 23.10, 12310, 708, 0, 0
438, 0, 1, 383, 322, 47, 23.47%, 0, 0, 2, 22.33, 12422, 708, 0, 0
444, 0, 1, 383, 322, 47, 23.47%, 0, 0, 2, 22.18, 12537, 708, 0, 0
449, 0, 1, 383, 322, 47, 23.47%, 0, 0, 2, 23.59, 12658, 708, 0, 0
454, 0, 1, 383, 322, 47, 23.47%, 0, 0, 2, 24.96, 12788, 708, 0, 0
459, 0, 1, 384, 323, 47, 23.47%, 0, 0, 2, 23.28, 12902, 708, 0, 0
464, 0, 1, 386, 325, 47, 23.47%, 0, 0, 2, 22.10, 13003, 708, 0, 0
469, 0, 1, 386, 325, 47, 23.47%, 0, 0, 2, 22.13, 13119, 708, 0, 0
474, 0, 1, 387, 326, 47, 23.47%, 0, 0, 2, 21.24, 13228, 708, 0, 0
479, 0, 1, 389, 328, 47, 23.47%, 0, 0, 2, 22.42, 13346, 708, 0, 0
485, 0, 1, 390, 329, 47, 23.47%, 0, 0, 2, 21.30, 13467, 708, 0, 0
490, 0, 1, 391, 330, 47, 23.53%, 0, 0, 2, 23.09, 13588, 710, 0, 0
495, 0, 1, 392, 331, 47, 23.53%, 0, 0, 2, 22.41, 13703, 710, 0, 0
500, 0, 1, 392, 331, 47, 23.53%, 0, 0, 2, 24.00, 13829, 710, 0, 0
506, 0, 1, 393, 332, 47, 23.53%, 0, 0, 2, 22.30, 13939, 710, 0, 0
511, 0, 1, 393, 332, 47, 23.53%, 0, 0, 2, 22.80, 14053, 710, 0, 0
516, 0, 1, 393, 332, 47, 23.53%, 0, 0, 2, 24.78, 14178, 710, 0, 0
521, 0, 1, 393, 332, 47, 23.53%, 0, 0, 2, 24.27, 14302, 710, 0, 0
526, 0, 1, 393, 332, 47, 23.53%, 0, 0, 2, 23.33, 14418, 710, 0, 0
531, 0, 1, 393, 332, 47, 23.53%, 0, 0, 2, 23.32, 14536, 710, 0, 0
536, 0, 1, 393, 332, 47, 23.53%, 0, 0, 2, 23.39, 14653, 710, 0, 0
539, 0, 2, 393, 332, 47, 23.53%, 0, 0, 2, 23.14, 14724, 710, 0, 0
539, 0, 2, 393, 332, 47, 23.53%, 0, 0, 2, 0.00, 14724, 710, 0, 0
539, 0, 2, 393, 332, 47, 23.53%, 0, 0, 2, 0.00, 14724, 710, 0, 0
539, 0, 2, 393, 332, 47, 23.53%, 0, 0, 2, 0.00, 14724, 710, 0, 0
