# relative_time, cycles_done, cur_item, corpus_count, pending_total, pending_favs, map_size, saved_crashes, saved_hangs, max_depth, execs_per_sec, total_execs, edges_found, total_crashes, servers_count
61, 0, 93, 174, 153, 80, 4.82%, 0, 0, 2, 36.86, 2960, 1487, 0, 0
66, 0, 93, 175, 154, 80, 4.82%, 0, 0, 2, 36.58, 3153, 1487, 0, 0
71, 0, 93, 178, 157, 80, 4.84%, 0, 0, 2, 37.68, 3343, 1493, 0, 0
76, 0, 93, 181, 160, 80, 4.85%, 0, 0, 2, 37.05, 3536, 1497, 0, 0
81, 0, 93, 185, 164, 80, 4.88%, 0, 0, 2, 37.28, 3726, 1506, 0, 0
86, 0, 93, 187, 166, 80, 4.91%, 0, 0, 2, 36.83, 3910, 1515, 0, 0
91, 0, 93, 190, 169, 80, 4.92%, 0, 0, 2, 35.99, 4084, 1518, 0, 0
96, 0, 93, 193, 172, 80, 4.94%, 0, 0, 2, 36.43, 4267, 1523, 0, 0
103, 0, 11, 195, 172, 112, 4.95%, 0, 0, 2, 36.44, 4508, 1527, 0, 0
108, 0, 31, 206, 182, 111, 5.03%, 0, 0, 2, 36.31, 4690, 1553, 0, 0
113, 0, 31, 212, 188, 111, 5.07%, 0, 0, 2, 35.39, 4868, 1565, 0, 0
118, 0, 31, 213, 189, 111, 5.08%, 0, 0, 2, 34.35, 5041, 1566, 0, 0
123, 0, 31, 213, 189, 111, 5.08%, 0, 0, 2, 34.84, 5221, 1566, 0, 0
129, 0, 31, 218, 194, 111, 5.09%, 0, 0, 2, 35.30, 5402, 1571, 0, 0
134, 0, 31, 221, 197, 111, 5.11%, 0, 0, 2, 35.32, 5581, 1578, 0, 0
139, 0, 31, 225, 201, 111, 5.15%, 0, 0, 2, 35.23, 5761, 1588, 0, 0
144, 0, 31, 230, 206, 111, 5.18%, 0, 0, 2, 35.53, 5941, 1599, 0, 0
149, 0, 31, 230, 206, 111, 5.18%, 0, 0, 2, 37.33, 6136, 1599, 0, 0
154, 0, 31, 230, 206, 111, 5.18%, 0, 0, 2, 37.96, 6329, 1599, 0, 0
159, 0, 31, 231, 207, 111, 5.19%, 0, 0, 2, 37.61, 6525, 1603, 0, 0
164, 0, 31, 232, 208, 111, 5.20%, 0, 0, 2, 37.59, 6716, 1604, 0, 0
169, 0, 31, 234, 210, 111, 5.21%, 0, 0, 2, 36.67, 6902, 1607, 0, 0
175, 0, 31, 235, 211, 111, 5.21%, 0, 0, 2, 37.20, 7083, 1608, 0, 0
180, 0, 31, 236, 212, 111, 5.21%, 0, 0, 2, 35.71, 7257, 1609, 0, 0
185, 0, 31, 237, 213, 111, 5.22%, 0, 0, 2, 36.92, 7443, 1610, 0, 0
190, 0, 31, 239, 215, 111, 5.23%, 0, 0, 2, 36.74, 7612, 1613, 0, 0
195, 0, 31, 240, 216, 111, 5.23%, 0, 0, 2, 37.00, 7801, 1614, 0, 0
200, 0, 31, 241, 217, 111, 5.24%, 0, 0, 2, 37.69, 7997, 1618, 0, 0
205, 0, 31, 241, 217, 111, 5.24%, 0, 0, 2, 37.70, 8188, 1618, 0, 0
210, 0, 31, 241, 217, 111, 5.24%, 0, 0, 2, 36.98, 8377, 1618, 0, 0
216, 0, 31, 243, 219, 111, 5.26%, 0, 0, 2, 37.47, 8572, 1622, 0, 0
221, 0, 31, 243, 219, 111, 5.26%, 0, 0, 2, 38.04, 8765, 1622, 0, 0
226, 0, 31, 245, 221, 111, 5.26%, 0, 0, 2, 38.01, 8955, 1624, 0, 0
231, 0, 31, 245, 221, 111, 5.26%, 0, 0, 2, 37.50, 9146, 1624, 0, 0
236, 0, 31, 246, 222, 111, 5.27%, 0, 0, 2, 37.95, 9337, 1626, 0, 0
241, 0, 31, 246, 222, 111, 5.27%, 0, 0, 2, 35.79, 9515, 1626, 0, 0
246, 0, 31, 246, 222, 111, 5.27%, 0, 0, 2, 36.96, 9705, 1626, 0, 0
251, 0, 31, 246, 222, 111, 5.27%, 0, 0, 2, 36.79, 9892, 1626, 0, 0
256, 0, 31, 248, 224, 111, 5.28%, 0, 0, 2, 37.56, 10089, 1628, 0, 0
261, 0, 31, 249, 225, 111, 5.28%, 0, 0, 2, 37.38, 10278, 1629, 0, 0
266, 0, 31, 250, 226, 111, 5.28%, 0, 0, 2, 37.55, 10471, 1630, 0, 0
272, 0, 31, 252, 228, 111, 5.28%, 0, 0, 2, 37.63, 10663, 1630, 0, 0
277, 0, 31, 253, 229, 111, 5.29%, 0, 0, 2, 37.56, 10856, 1632, 0, 0
282, 0, 31, 254, 230, 111, 5.30%, 0, 0, 2, 37.41, 11050, 1634, 0, 0
287, 0, 31, 254, 230, 111, 5.30%, 0, 0, 2, 37.78, 11244, 1634, 0, 0
292, 0, 31, 256, 232, 111, 5.31%, 0, 0, 2, 37.76, 11437, 1637, 0, 0
297, 0, 31, 257, 233, 111, 5.31%, 0, 0, 2, 37.40, 11630, 1638, 0, 0
303, 0, 31, 259, 235, 111, 5.31%, 0, 0, 2, 37.14, 11822, 1640, 0, 0
308, 0, 31, 259, 235, 111, 5.31%, 0, 0, 2, 37.72, 12015, 1640, 0, 0
313, 0, 31, 260, 236, 111, 5.32%, 0, 0, 2, 37.54, 12205, 1643, 0, 0
318, 0, 12, 267, 242, 156, 5.36%, 0, 0, 2, 36.21, 12389, 1655, 0, 0
323, 0, 12, 284, 259, 156, 5.77%, 0, 0, 2, 35.12, 12566, 1779, 0, 0
328, 0, 12, 298, 273, 156, 5.97%, 0, 0, 2, 34.67, 12743, 1842, 0, 0
333, 0, 12, 305, 280, 156, 6.10%, 0, 0, 2, 35.04, 12920, 1882, 0, 0
338, 0, 12, 312, 287, 156, 6.30%, 0, 0, 2, 34.61, 13099, 1945, 0, 0
343, 0, 12, 322, 297, 156, 6.57%, 0, 0, 2, 34.31, 13273, 2027, 0, 0
348, 0, 12, 326, 301, 156, 6.58%, 0, 0, 2, 34.90, 13452, 2031, 0, 0
354, 0, 12, 329, 304, 156, 6.59%, 0, 0, 2, 34.26, 13629, 2035, 0, 0
359, 0, 12, 331, 306, 156, 6.60%, 0, 0, 2, 34.42, 13806, 2036, 0, 0
364, 0, 12, 331, 306, 156, 6.60%, 0, 0, 2, 34.45, 13982, 2036, 0, 0
369, 0, 12, 334, 309, 156, 6.64%, 0, 0, 2, 33.05, 14153, 2048, 0, 0
374, 0, 12, 334, 309, 156, 6.64%, 0, 0, 2, 33.38, 14321, 2048, 0, 0
379, 0, 12, 337, 312, 156, 6.64%, 0, 0, 2, 34.18, 14503, 2050, 0, 0
385, 0, 12, 337, 312, 156, 6.64%, 0, 0, 2, 33.96, 14676, 2050, 0, 0
390, 0, 12, 338, 313, 156, 6.64%, 0, 0, 2, 33.83, 14850, 2050, 0, 0
395, 0, 12, 339, 314, 156, 6.64%, 0, 0, 2, 33.34, 15017, 2050, 0, 0
400, 0, 12, 341, 316, 156, 6.74%, 0, 0, 2, 34.33, 15192, 2080, 0, 0
405, 0, 12, 341, 316, 156, 6.74%, 0, 0, 2, 34.05, 15363, 2080, 0, 0
410, 0, 12, 341, 316, 156, 6.74%, 0, 0, 2, 33.91, 15539, 2080, 0, 0
415, 0, 12, 343, 318, 156, 6.74%, 0, 0, 2, 34.14, 15712, 2081, 0, 0
420, 0, 12, 345, 320, 156, 6.74%, 0, 0, 2, 34.32, 15886, 2081, 0, 0
425, 0, 12, 347, 322, 156, 6.75%, 0, 0, 2, 34.44, 16065, 2083, 0, 0
430, 0, 12, 348, 323, 156, 6.75%, 0, 0, 2, 34.41, 16241, 2083, 0, 0
436, 0, 12, 348, 323, 156, 6.75%, 0, 0, 2, 38.50, 16443, 2083, 0, 0
441, 0, 12, 348, 323, 156, 6.75%, 0, 0, 2, 39.70, 16647, 2083, 0, 0
446, 0, 12, 348, 323, 156, 6.75%, 0, 0, 2, 39.90, 16849, 2083, 0, 0
451, 0, 12, 348, 323, 156, 6.75%, 0, 0, 2, 39.82, 17049, 2083, 0, 0
456, 0, 12, 348, 323, 156, 6.75%, 0, 0, 2, 40.00, 17255, 2083, 0, 0
461, 0, 12, 348, 323, 156, 6.75%, 0, 0, 2, 39.69, 17458, 2083, 0, 0
466, 0, 12, 348, 323, 156, 6.75%, 0, 0, 2, 40.20, 17667, 2083, 0, 0
471, 0, 12, 350, 325, 156, 6.75%, 0, 0, 2, 36.58, 17846, 2083, 0, 0
477, 0, 12, 355, 330, 156, 6.76%, 0, 0, 2, 33.96, 18022, 2087, 0, 0
482, 0, 12, 355, 330, 156, 6.76%, 0, 0, 2, 35.36, 18203, 2087, 0, 0
487, 0, 12, 357, 332, 156, 6.77%, 0, 0, 2, 36.52, 18392, 2090, 0, 0
492, 0, 12, 360, 335, 156, 6.78%, 0, 0, 2, 36.18, 18575, 2091, 0, 0
497, 0, 12, 362, 337, 156, 6.78%, 0, 0, 2, 36.70, 18764, 2093, 0, 0
502, 0, 12, 362, 337, 156, 6.78%, 0, 0, 2, 36.85, 18948, 2093, 0, 0
507, 0, 12, 364, 339, 156, 6.80%, 0, 0, 2, 33.95, 19125, 2097, 0, 0
513, 0, 12, 365, 340, 156, 6.80%, 0, 0, 2, 35.89, 19309, 2097, 0, 0
518, 0, 12, 365, 340, 156, 6.80%, 0, 0, 2, 35.65, 19490, 2097, 0, 0
523, 0, 12, 367, 342, 156, 6.80%, 0, 0, 2, 35.18, 19667, 2097, 0, 0
528, 0, 12, 367, 342, 156, 6.80%, 0, 0, 2, 35.31, 19847, 2097, 0, 0
533, 0, 12, 370, 345, 156, 6.80%, 0, 0, 2, 35.96, 20035, 2099, 0, 0
538, 0, 12, 371, 346, 156, 6.80%, 0, 0, 2, 35.51, 20213, 2099, 0, 0
543, 0, 12, 372, 347, 156, 6.80%, 0, 0, 2, 35.17, 20389, 2099, 0, 0
548, 0, 12, 372, 347, 156, 6.80%, 0, 0, 2, 35.21, 20567, 2099, 0, 0
553, 0, 12, 372, 347, 156, 6.80%, 0, 0, 2, 34.44, 20742, 2099, 0, 0
558, 0, 12, 373, 348, 156, 6.81%, 0, 0, 2, 35.12, 20925, 2101, 0, 0
564, 0, 12, 376, 351, 156, 6.82%, 0, 0, 2, 35.37, 21106, 2103, 0, 0
569, 0, 12, 376, 351, 156, 6.82%, 0, 0, 2, 35.72, 21287, 2103, 0, 0
574, 0, 12, 378, 353, 156, 6.82%, 0, 0, 2, 35.80, 21465, 2105, 0, 0
579, 0, 12, 378, 353, 156, 6.82%, 0, 0, 2, 36.28, 21651, 2105, 0, 0
584, 0, 12, 381, 356, 156, 6.85%, 0, 0, 2, 36.67, 21834, 2115, 0, 0
588, 0, 12, 381, 356, 156, 6.85%, 0, 0, 2, 35.69, 21980, 2115, 0, 0
651, 0, 383, 386, 356, 3, 6.87%, 0, 0, 4, 21.02, 24132, 2119, 0, 0
657, 0, 385, 387, 356, 2, 6.87%, 0, 0, 5, 27.02, 24294, 2120, 0, 0
662, 0, 385, 392, 361, 2, 6.88%, 0, 0, 5, 32.27, 24472, 2124, 0, 0
667, 0, 385, 396, 365, 2, 6.90%, 0, 0, 5, 35.04, 24654, 2130, 0, 0
672, 0, 385, 398, 367, 2, 6.91%, 0, 0, 5, 35.74, 24835, 2131, 0, 0
677, 0, 385, 402, 371, 2, 6.92%, 0, 0, 5, 35.83, 25020, 2135, 0, 0
682, 0, 385, 406, 375, 2, 6.94%, 0, 0, 5, 35.59, 25205, 2142, 0, 0
687, 0, 385, 406, 375, 2, 6.94%, 0, 0, 5, 37.88, 25404, 2142, 0, 0
692, 0, 385, 408, 377, 2, 6.94%, 0, 0, 5, 35.17, 25579, 2143, 0, 0
697, 0, 385, 408, 377, 2, 6.94%, 0, 0, 5, 35.48, 25755, 2143, 0, 0
703, 0, 385, 409, 378, 2, 6.95%, 0, 0, 5, 36.68, 25943, 2144, 0, 0
708, 0, 385, 409, 378, 2, 6.95%, 0, 0, 5, 35.61, 26105, 2144, 0, 0
713, 0, 385, 409, 378, 2, 6.95%, 0, 0, 5, 34.43, 26272, 2144, 0, 0
718, 0, 385, 410, 379, 2, 6.95%, 0, 0, 5, 35.77, 26446, 2144, 0, 0
723, 0, 385, 410, 379, 2, 6.95%, 0, 0, 5, 37.00, 26633, 2144, 0, 0
728, 0, 385, 410, 379, 2, 6.95%, 0, 0, 5, 38.66, 26830, 2144, 0, 0
733, 0, 385, 410, 379, 2, 6.95%, 0, 0, 5, 36.50, 27009, 2144, 0, 0
738, 0, 385, 410, 379, 2, 6.95%, 0, 0, 5, 35.62, 27184, 2144, 0, 0
743, 0, 385, 410, 379, 2, 6.95%, 0, 0, 5, 36.65, 27373, 2144, 0, 0
748, 0, 385, 411, 380, 2, 6.96%, 0, 0, 5, 37.59, 27565, 2147, 0, 0
753, 0, 385, 412, 381, 2, 7.00%, 0, 0, 5, 37.23, 27752, 2161, 0, 0
758, 0, 385, 413, 382, 2, 7.01%, 0, 0, 5, 37.07, 27943, 2163, 0, 0
763, 0, 385, 413, 382, 2, 7.01%, 0, 0, 5, 37.03, 28130, 2163, 0, 0
769, 0, 385, 414, 383, 2, 7.01%, 0, 0, 5, 37.58, 28325, 2164, 0, 0
774, 0, 385, 414, 383, 2, 7.01%, 0, 0, 5, 37.29, 28516, 2164, 0, 0
779, 0, 385, 415, 384, 2, 7.02%, 0, 0, 5, 37.57, 28708, 2165, 0, 0
784, 0, 385, 415, 384, 2, 7.02%, 0, 0, 5, 34.69, 28875, 2165, 0, 0
789, 0, 385, 415, 384, 2, 7.02%, 0, 0, 5, 36.70, 29065, 2165, 0, 0
794, 0, 385, 415, 384, 2, 7.02%, 0, 0, 5, 37.32, 29254, 2165, 0, 0
799, 0, 385, 415, 384, 2, 7.02%, 0, 0, 5, 38.21, 29452, 2165, 0, 0
804, 0, 385, 415, 384, 2, 7.02%, 0, 0, 5, 38.12, 29646, 2165, 0, 0
809, 0, 385, 415, 384, 2, 7.02%, 0, 0, 5, 38.36, 29839, 2165, 0, 0
815, 0, 385, 415, 384, 2, 7.02%, 0, 0, 5, 36.26, 30030, 2165, 0, 0
820, 0, 385, 415, 384, 2, 7.02%, 0, 0, 5, 37.59, 30212, 2165, 0, 0
825, 0, 385, 415, 384, 2, 7.02%, 0, 0, 5, 37.66, 30403, 2165, 0, 0
830, 0, 385, 416, 385, 2, 7.02%, 0, 0, 5, 37.43, 30592, 2165, 0, 0
835, 0, 385, 416, 385, 2, 7.02%, 0, 0, 5, 36.74, 30777, 2165, 0, 0
841, 0, 385, 418, 387, 2, 7.02%, 0, 0, 5, 37.32, 30970, 2167, 0, 0
846, 0, 385, 418, 387, 2, 7.02%, 0, 0, 5, 37.03, 31159, 2167, 0, 0
851, 0, 385, 418, 387, 2, 7.02%, 0, 0, 5, 36.26, 31346, 2167, 0, 0
856, 0, 385, 418, 387, 2, 7.02%, 0, 0, 5, 36.79, 31536, 2167, 0, 0
861, 0, 385, 418, 387, 2, 7.02%, 0, 0, 5, 36.20, 31722, 2167, 0, 0
866, 0, 385, 418, 387, 2, 7.02%, 0, 0, 5, 36.99, 31911, 2167, 0, 0
871, 0, 385, 418, 387, 2, 7.02%, 0, 0, 5, 37.52, 32099, 2167, 0, 0
876, 0, 385, 418, 387, 2, 7.02%, 0, 0, 5, 37.29, 32283, 2167, 0, 0
881, 0, 385, 418, 387, 2, 7.02%, 0, 0, 5, 37.61, 32473, 2167, 0, 0
887, 0, 385, 418, 387, 2, 7.02%, 0, 0, 5, 37.40, 32666, 2167, 0, 0
892, 0, 385, 418, 387, 2, 7.02%, 0, 0, 5, 37.74, 32857, 2167, 0, 0
897, 0, 385, 418, 387, 2, 7.02%, 0, 0, 5, 37.53, 33047, 2167, 0, 0
902, 0, 385, 418, 387, 2, 7.02%, 0, 0, 5, 37.53, 33240, 2167, 0, 0
907, 0, 385, 418, 387, 2, 7.02%, 0, 0, 5, 38.43, 33434, 2167, 0, 0
912, 0, 385, 418, 387, 2, 7.02%, 0, 0, 5, 37.70, 33626, 2167, 0, 0
917, 0, 385, 418, 387, 2, 7.02%, 0, 0, 5, 36.87, 33815, 2167, 0, 0
922, 0, 385, 418, 387, 2, 7.02%, 0, 0, 5, 36.57, 34005, 2167, 0, 0
927, 0, 385, 418, 387, 2, 7.02%, 0, 0, 5, 36.36, 34178, 2167, 0, 0
932, 0, 385, 419, 388, 2, 7.03%, 0, 0, 5, 36.47, 34370, 2168, 0, 0
938, 0, 385, 419, 388, 2, 7.03%, 0, 0, 5, 37.08, 34564, 2168, 0, 0
943, 0, 385, 419, 388, 2, 7.03%, 0, 0, 5, 37.62, 34759, 2168, 0, 0
948, 0, 385, 419, 388, 2, 7.03%, 0, 0, 5, 37.27, 34946, 2168, 0, 0
953, 0, 385, 419, 388, 2, 7.03%, 0, 0, 5, 37.32, 35137, 2168, 0, 0
958, 0, 385, 419, 388, 2, 7.03%, 0, 0, 5, 37.66, 35331, 2168, 0, 0
963, 0, 385, 419, 388, 2, 7.03%, 0, 0, 5, 37.01, 35520, 2168, 0, 0
968, 0, 385, 419, 388, 2, 7.03%, 0, 0, 5, 37.86, 35713, 2168, 0, 0
973, 0, 385, 420, 389, 2, 7.03%, 0, 0, 5, 37.91, 35902, 2169, 0, 0
978, 0, 385, 420, 389, 2, 7.03%, 0, 0, 5, 36.55, 36088, 2169, 0, 0
983, 0, 385, 421, 390, 2, 7.03%, 0, 0, 5, 36.82, 36271, 2170, 0, 0
989, 0, 385, 421, 390, 2, 7.03%, 0, 0, 5, 37.04, 36462, 2170, 0, 0
994, 0, 385, 421, 390, 2, 7.03%, 0, 0, 5, 37.39, 36654, 2170, 0, 0
999, 0, 385, 422, 391, 2, 7.03%, 0, 0, 5, 37.57, 36850, 2170, 0, 0
1004, 0, 385, 422, 391, 2, 7.03%, 0, 0, 5, 37.54, 37043, 2170, 0, 0
1009, 0, 385, 422, 391, 2, 7.03%, 0, 0, 5, 37.24, 37231, 2170, 0, 0
1014, 0, 385, 422, 391, 2, 7.03%, 0, 0, 5, 36.99, 37418, 2170, 0, 0
1019, 0, 385, 422, 391, 2, 7.03%, 0, 0, 5, 36.16, 37595, 2170, 0, 0
1024, 0, 385, 422, 391, 2, 7.03%, 0, 0, 5, 36.94, 37783, 2170, 0, 0
1030, 0, 385, 422, 391, 2, 7.03%, 0, 0, 5, 36.56, 37972, 2170, 0, 0
1035, 0, 385, 422, 391, 2, 7.03%, 0, 0, 5, 37.80, 38163, 2170, 0, 0
1037, 0, 385, 422, 391, 2, 7.03%, 0, 0, 5, 37.66, 38252, 2170, 0, 0
