# relative_time, cycles_done, cur_item, corpus_count, pending_total, pending_favs, map_size, saved_crashes, saved_hangs, max_depth, execs_per_sec, total_execs, edges_found, total_crashes, servers_count
65, 0, 0, 297, 246, 41, 36.87%, 0, 0, 2, 6.40, 3274, 372, 0, 0
70, 0, 0, 298, 247, 41, 36.87%, 0, 0, 2, 6.60, 3309, 372, 0, 0
75, 0, 0, 300, 249, 41, 36.97%, 0, 0, 2, 3.98, 3339, 373, 0, 0
80, 0, 0, 302, 251, 41, 37.07%, 0, 0, 2, 6.84, 3389, 374, 0, 0
85, 0, 0, 302, 251, 41, 37.07%, 0, 0, 2, 6.44, 3417, 374, 0, 0
90, 0, 0, 302, 251, 41, 37.07%, 0, 0, 2, 5.79, 3442, 374, 0, 0
100, 0, 0, 303, 252, 41, 37.07%, 0, 0, 2, 5.59, 3477, 374, 0, 0
105, 0, 0, 303, 252, 41, 37.07%, 0, 0, 2, 5.17, 3500, 374, 0, 0
110, 0, 0, 303, 252, 41, 37.07%, 0, 0, 2, 5.25, 3527, 374, 0, 0
115, 0, 0, 303, 252, 41, 37.07%, 0, 0, 2, 6.52, 3568, 374, 0, 0
120, 0, 0, 304, 253, 41, 37.07%, 0, 0, 2, 7.16, 3609, 374, 0, 0
129, 0, 0, 305, 254, 41, 37.17%, 0, 0, 2, 5.84, 3637, 375, 0, 0
134, 0, 0, 305, 254, 41, 37.17%, 0, 0, 2, 5.88, 3666, 375, 0, 0
141, 0, 0, 307, 256, 41, 37.26%, 0, 0, 2, 5.43, 3682, 376, 0, 0
146, 0, 0, 307, 256, 41, 37.26%, 0, 0, 2, 4.55, 3701, 376, 0, 0
152, 0, 0, 307, 256, 41, 37.26%, 0, 0, 2, 4.75, 3725, 376, 0, 0
157, 0, 0, 307, 256, 41, 37.26%, 0, 0, 2, 5.97, 3762, 376, 0, 0
162, 0, 0, 307, 256, 41, 37.26%, 0, 0, 2, 4.90, 3780, 376, 0, 0
167, 0, 0, 308, 257, 41, 37.26%, 0, 0, 2, 4.87, 3797, 376, 0, 0
172, 0, 0, 308, 257, 41, 37.26%, 0, 0, 2, 5.00, 3823, 376, 0, 0
182, 0, 0, 309, 258, 41, 37.46%, 0, 0, 2, 4.89, 3855, 378, 0, 0
187, 0, 0, 309, 258, 41, 37.46%, 0, 0, 2, 7.77, 3909, 378, 0, 0
192, 0, 0, 309, 258, 41, 37.46%, 0, 0, 2, 6.20, 3931, 378, 0, 0
197, 0, 0, 309, 258, 41, 37.46%, 0, 0, 2, 5.81, 3957, 378, 0, 0
202, 0, 0, 309, 258, 41, 37.46%, 0, 0, 2, 6.30, 3993, 378, 0, 0
207, 0, 0, 309, 258, 41, 37.46%, 0, 0, 2, 6.25, 4022, 378, 0, 0
212, 0, 0, 309, 258, 41, 37.46%, 0, 0, 2, 5.03, 4041, 378, 0, 0
217, 0, 0, 309, 258, 41, 37.46%, 0, 0, 2, 5.04, 4068, 378, 0, 0
222, 0, 0, 309, 258, 41, 37.46%, 0, 0, 2, 4.89, 4093, 378, 0, 0
227, 0, 0, 309, 258, 41, 37.46%, 0, 0, 2, 5.35, 4124, 378, 0, 0
232, 0, 0, 309, 258, 41, 37.46%, 0, 0, 2, 6.63, 4167, 378, 0, 0
237, 0, 0, 309, 258, 41, 37.46%, 0, 0, 2, 5.72, 4191, 378, 0, 0
244, 0, 0, 310, 259, 41, 37.46%, 0, 0, 2, 5.41, 4208, 378, 0, 0
249, 0, 0, 310, 259, 41, 37.46%, 0, 0, 2, 6.08, 4242, 378, 0, 0
254, 0, 0, 310, 259, 41, 37.46%, 0, 0, 2, 6.97, 4281, 378, 0, 0
259, 0, 0, 310, 259, 41, 37.46%, 0, 0, 2, 7.03, 4317, 378, 0, 0
264, 0, 0, 310, 259, 41, 37.46%, 0, 0, 2, 6.76, 4349, 378, 0, 0
269, 0, 0, 310, 259, 41, 37.46%, 0, 0, 2, 7.69, 4394, 378, 0, 0
274, 0, 0, 310, 259, 41, 37.46%, 0, 0, 2, 6.48, 4419, 378, 0, 0
279, 0, 0, 310, 259, 41, 37.46%, 0, 0, 2, 6.52, 4450, 378, 0, 0
284, 0, 0, 310, 259, 41, 37.46%, 0, 0, 2, 5.73, 4476, 378, 0, 0
291, 0, 0, 311, 260, 41, 37.46%, 0, 0, 2, 5.39, 4505, 378, 0, 0
296, 0, 0, 311, 260, 41, 37.46%, 0, 0, 2, 6.46, 4542, 378, 0, 0
301, 0, 0, 311, 260, 41, 37.46%, 0, 0, 2, 6.17, 4572, 378, 0, 0
306, 0, 0, 311, 260, 41, 37.46%, 0, 0, 2, 6.76, 4610, 378, 0, 0
311, 0, 0, 311, 260, 41, 37.46%, 0, 0, 2, 6.12, 4639, 378, 0, 0
316, 0, 0, 311, 260, 41, 37.46%, 0, 0, 2, 6.00, 4669, 378, 0, 0
322, 0, 0, 311, 260, 41, 37.46%, 0, 0, 2, 5.07, 4689, 378, 0, 0
327, 0, 0, 311, 260, 41, 37.46%, 0, 0, 2, 5.34, 4717, 378, 0, 0
332, 0, 0, 311, 260, 41, 37.46%, 0, 0, 2, 5.62, 4747, 378, 0, 0
337, 0, 0, 311, 260, 41, 37.46%, 0, 0, 2, 5.49, 4773, 378, 0, 0
342, 0, 0, 311, 260, 41, 37.46%, 0, 0, 2, 5.93, 4805, 378, 0, 0
347, 0, 0, 311, 260, 41, 37.46%, 0, 0, 2, 5.65, 4832, 378, 0, 0
352, 0, 0, 311, 260, 41, 37.46%, 0, 0, 2, 6.50, 4869, 378, 0, 0
357, 0, 0, 311, 260, 41, 37.46%, 0, 0, 2, 6.91, 4908, 378, 0, 0
362, 0, 0, 311, 260, 41, 37.46%, 0, 0, 2, 6.90, 4942, 378, 0, 0
368, 0, 0, 312, 261, 41, 37.56%, 0, 0, 2, 7.46, 4977, 379, 0, 0
374, 0, 0, 312, 261, 41, 37.56%, 0, 1, 2, 6.11, 4995, 379, 0, 0
379, 0, 0, 312, 261, 41, 37.56%, 0, 1, 2, 5.79, 5022, 379, 0, 0
384, 0, 0, 312, 261, 41, 37.56%, 0, 1, 2, 6.70, 5063, 379, 0, 0
389, 0, 0, 312, 261, 41, 37.56%, 0, 1, 2, 6.22, 5092, 379, 0, 0
394, 0, 0, 312, 261, 41, 37.56%, 0, 1, 2, 6.33, 5123, 379, 0, 0
399, 0, 0, 312, 261, 41, 37.56%, 0, 1, 2, 6.98, 5162, 379, 0, 0
404, 0, 0, 312, 261, 41, 37.56%, 0, 1, 2, 6.33, 5191, 379, 0, 0
409, 0, 0, 312, 261, 41, 37.56%, 0, 1, 2, 5.19, 5211, 379, 0, 0
414, 0, 0, 312, 261, 41, 37.56%, 0, 1, 2, 5.77, 5243, 379, 0, 0
419, 0, 0, 312, 261, 41, 37.56%, 0, 1, 2, 7.89, 5297, 379, 0, 0
424, 0, 0, 312, 261, 41, 37.56%, 0, 1, 2, 9.50, 5358, 379, 0, 0
429, 0, 0, 312, 261, 41, 37.56%, 0, 1, 2, 7.83, 5390, 379, 0, 0
434, 0, 0, 313, 262, 41, 37.66%, 0, 1, 2, 7.89, 5430, 380, 0, 0
439, 0, 0, 313, 262, 41, 37.66%, 0, 1, 2, 8.02, 5470, 380, 0, 0
444, 0, 0, 313, 262, 41, 37.66%, 0, 1, 2, 7.89, 5508, 380, 0, 0
449, 0, 0, 313, 262, 41, 37.66%, 0, 1, 2, 6.90, 5537, 380, 0, 0
455, 0, 0, 313, 262, 41, 37.66%, 0, 1, 2, 6.21, 5565, 380, 0, 0
460, 0, 0, 313, 262, 41, 37.66%, 0, 1, 2, 6.30, 5597, 380, 0, 0
465, 0, 0, 313, 262, 41, 37.66%, 0, 1, 2, 5.80, 5623, 380, 0, 0
470, 0, 0, 313, 262, 41, 37.66%, 0, 1, 2, 6.88, 5663, 380, 0, 0
475, 0, 0, 313, 262, 41, 37.66%, 0, 1, 2, 8.33, 5714, 380, 0, 0
480, 0, 0, 313, 262, 41, 37.66%, 0, 1, 2, 8.68, 5759, 380, 0, 0
485, 0, 0, 313, 262, 41, 37.66%, 0, 1, 2, 8.78, 5803, 380, 0, 0
490, 0, 0, 313, 262, 41, 37.66%, 0, 1, 2, 7.53, 5834, 380, 0, 0
495, 0, 0, 313, 262, 41, 37.66%, 0, 1, 2, 6.50, 5862, 380, 0, 0
501, 0, 0, 314, 263, 41, 37.76%, 0, 1, 2, 6.22, 5885, 381, 0, 0
506, 0, 0, 314, 263, 41, 37.76%, 0, 1, 2, 7.08, 5924, 381, 0, 0
511, 0, 0, 314, 263, 41, 37.76%, 0, 1, 2, 7.35, 5962, 381, 0, 0
516, 0, 0, 315, 264, 41, 37.86%, 0, 1, 2, 8.21, 5988, 382, 0, 0
521, 0, 0, 315, 264, 41, 37.86%, 0, 1, 2, 7.41, 6020, 382, 0, 0
526, 0, 0, 315, 264, 41, 37.86%, 0, 1, 2, 6.59, 6048, 382, 0, 0
531, 0, 0, 315, 264, 41, 37.86%, 0, 1, 2, 5.13, 6065, 382, 0, 0
536, 0, 0, 315, 264, 41, 37.86%, 0, 1, 2, 3.85, 6112, 382, 0, 0
542, 0, 0, 316, 265, 41, 37.86%, 0, 1, 2, 3.79, 6129, 382, 0, 0
547, 0, 0, 316, 265, 41, 37.86%, 0, 1, 2, 4.54, 6156, 382, 0, 0
552, 0, 0, 316, 265, 41, 37.86%, 0, 1, 2, 5.97, 6193, 382, 0, 0
557, 0, 0, 316, 265, 41, 37.86%, 0, 1, 2, 6.20, 6225, 382, 0, 0
562, 0, 0, 316, 265, 41, 37.86%, 0, 1, 2, 7.56, 6268, 382, 0, 0
567, 0, 0, 316, 265, 41, 37.86%, 0, 1, 2, 6.59, 6296, 382, 0, 0
572, 0, 0, 316, 265, 41, 37.86%, 0, 1, 2, 7.86, 6344, 382, 0, 0
577, 0, 0, 316, 265, 41, 37.86%, 0, 1, 2, 7.05, 6375, 382, 0, 0
582, 0, 0, 316, 265, 41, 37.86%, 0, 1, 2, 6.03, 6400, 382, 0, 0
587, 0, 0, 316, 265, 41, 37.86%, 0, 1, 2, 5.24, 6423, 382, 0, 0
592, 0, 0, 316, 265, 41, 37.86%, 0, 1, 2, 5.20, 6449, 382, 0, 0
597, 0, 0, 316, 265, 41, 37.86%, 0, 1, 2, 5.06, 6474, 382, 0, 0
603, 0, 0, 317, 266, 41, 37.96%, 0, 1, 2, 4.68, 6492, 383, 0, 0
608, 0, 0, 317, 266, 41, 37.96%, 0, 1, 2, 16.97, 6528, 383, 0, 0
613, 0, 0, 317, 266, 41, 37.96%, 0, 1, 2, 13.26, 6575, 383, 0, 0
618, 0, 0, 317, 266, 41, 37.96%, 0, 1, 2, 2.79, 6606, 383, 0, 0
623, 0, 0, 317, 266, 41, 37.96%, 0, 1, 2, 4.57, 6638, 383, 0, 0
628, 0, 0, 317, 266, 41, 37.96%, 0, 1, 2, 5.15, 6667, 383, 0, 0
634, 0, 0, 317, 266, 41, 37.96%, 0, 1, 2, 5.37, 6699, 383, 0, 0
639, 0, 0, 317, 266, 41, 37.96%, 0, 1, 2, 4.77, 6719, 383, 0, 0
644, 0, 0, 317, 266, 41, 37.96%, 0, 1, 2, 4.35, 6738, 383, 0, 0
649, 0, 0, 317, 266, 41, 37.96%, 0, 1, 2, 4.88, 6767, 383, 0, 0
654, 0, 0, 318, 267, 41, 37.96%, 0, 1, 2, 5.97, 6804, 383, 0, 0
659, 0, 0, 318, 267, 41, 37.96%, 0, 1, 2, 6.29, 6838, 383, 0, 0
664, 0, 0, 318, 267, 41, 37.96%, 0, 1, 2, 6.60, 6874, 383, 0, 0
669, 0, 0, 318, 267, 41, 37.96%, 0, 1, 2, 6.06, 6902, 383, 0, 0
674, 0, 0, 318, 267, 41, 37.96%, 0, 1, 2, 5.44, 6927, 383, 0, 0
679, 0, 0, 319, 268, 41, 38.26%, 0, 1, 2, 7.37, 6971, 386, 0, 0
684, 0, 0, 319, 268, 41, 38.26%, 0, 1, 2, 6.05, 6994, 386, 0, 0
689, 0, 0, 319, 268, 41, 38.26%, 0, 1, 2, 5.44, 7018, 386, 0, 0
694, 0, 0, 319, 268, 41, 38.26%, 0, 1, 2, 5.74, 7050, 386, 0, 0
699, 0, 0, 319, 268, 41, 38.26%, 0, 1, 2, 6.73, 7090, 386, 0, 0
704, 0, 0, 319, 268, 41, 38.26%, 0, 1, 2, 6.54, 7121, 386, 0, 0
709, 0, 0, 319, 268, 41, 38.26%, 0, 1, 2, 5.97, 7147, 386, 0, 0
714, 0, 0, 319, 268, 41, 38.26%, 0, 1, 2, 7.61, 7192, 386, 0, 0
719, 0, 0, 319, 268, 41, 38.26%, 0, 1, 2, 6.67, 7222, 386, 0, 0
724, 0, 0, 319, 268, 41, 38.26%, 0, 1, 2, 5.47, 7243, 386, 0, 0
729, 0, 0, 319, 268, 41, 38.26%, 0, 1, 2, 5.17, 7268, 386, 0, 0
734, 0, 0, 319, 268, 41, 38.26%, 0, 1, 2, 5.19, 7295, 386, 0, 0
740, 0, 0, 319, 268, 41, 38.26%, 0, 1, 2, 6.39, 7334, 386, 0, 0
745, 0, 0, 319, 268, 41, 38.26%, 0, 1, 2, 6.72, 7373, 386, 0, 0
750, 0, 0, 319, 268, 41, 38.26%, 0, 1, 2, 6.48, 7404, 386, 0, 0
755, 0, 0, 319, 268, 41, 38.26%, 0, 1, 2, 7.54, 7447, 386, 0, 0
760, 0, 0, 319, 268, 41, 38.26%, 0, 1, 2, 5.95, 7469, 386, 0, 0
765, 0, 0, 319, 268, 41, 38.26%, 0, 1, 2, 5.85, 7499, 386, 0, 0
770, 0, 0, 319, 268, 41, 38.26%, 0, 1, 2, 7.64, 7547, 386, 0, 0
775, 0, 0, 319, 268, 41, 38.26%, 0, 1, 2, 6.52, 7574, 386, 0, 0
780, 0, 0, 319, 268, 41, 38.26%, 0, 1, 2, 5.40, 7596, 386, 0, 0
785, 0, 0, 319, 268, 41, 38.26%, 0, 1, 2, 5.25, 7622, 386, 0, 0
790, 0, 0, 319, 268, 41, 38.26%, 0, 1, 2, 6.20, 7659, 386, 0, 0
795, 0, 0, 319, 268, 41, 38.26%, 0, 1, 2, 6.47, 7693, 386, 0, 0
800, 0, 0, 319, 268, 41, 38.26%, 0, 1, 2, 5.18, 7712, 386, 0, 0
805, 0, 0, 319, 268, 41, 38.26%, 0, 1, 2, 4.92, 7735, 386, 0, 0
810, 0, 0, 319, 268, 41, 38.26%, 0, 1, 2, 4.72, 7759, 386, 0, 0
815, 0, 0, 319, 268, 41, 38.26%, 0, 1, 2, 5.33, 7790, 386, 0, 0
820, 0, 0, 319, 268, 41, 38.26%, 0, 1, 2, 5.83, 7822, 386, 0, 0
825, 0, 0, 319, 268, 41, 38.26%, 0, 1, 2, 6.63, 7861, 386, 0, 0
830, 0, 0, 319, 268, 41, 38.26%, 0, 1, 2, 6.07, 7889, 386, 0, 0
835, 0, 0, 319, 268, 41, 38.26%, 0, 1, 2, 5.71, 7916, 386, 0, 0
841, 0, 0, 319, 268, 41, 38.26%, 0, 2, 2, 6.84, 7952, 386, 0, 0
846, 0, 0, 319, 268, 41, 38.26%, 0, 2, 2, 6.34, 7983, 386, 0, 0
851, 0, 0, 319, 268, 41, 38.26%, 0, 2, 2, 5.88, 8010, 386, 0, 0
856, 0, 0, 319, 268, 41, 38.26%, 0, 2, 2, 6.57, 8046, 386, 0, 0
861, 0, 0, 319, 268, 41, 38.26%, 0, 2, 2, 6.35, 8076, 386, 0, 0
866, 0, 0, 319, 268, 41, 38.26%, 0, 2, 2, 6.04, 8105, 386, 0, 0
871, 0, 0, 319, 268, 41, 38.26%, 0, 2, 2, 7.67, 8151, 386, 0, 0
876, 0, 0, 319, 268, 41, 38.26%, 0, 2, 2, 7.85, 8190, 386, 0, 0
881, 0, 0, 319, 268, 41, 38.26%, 0, 2, 2, 7.39, 8226, 386, 0, 0
886, 0, 0, 319, 268, 41, 38.26%, 0, 2, 2, 6.06, 8250, 386, 0, 0
891, 0, 0, 319, 268, 41, 38.26%, 0, 2, 2, 5.40, 8273, 386, 0, 0
896, 0, 0, 319, 268, 41, 38.26%, 0, 2, 2, 6.17, 8309, 386, 0, 0
901, 0, 0, 320, 269, 41, 38.35%, 0, 2, 2, 6.02, 8328, 387, 0, 0
906, 0, 0, 320, 269, 41, 38.35%, 0, 2, 2, 5.52, 8353, 387, 0, 0
911, 0, 0, 320, 269, 41, 38.35%, 0, 2, 2, 6.05, 8387, 387, 0, 0
918, 0, 0, 321, 270, 41, 38.75%, 0, 2, 2, 6.31, 8416, 391, 0, 0
923, 0, 0, 321, 270, 41, 38.75%, 0, 2, 2, 5.24, 8438, 391, 0, 0
928, 0, 0, 321, 270, 41, 38.75%, 0, 2, 2, 4.80, 8460, 391, 0, 0
933, 0, 0, 321, 270, 41, 38.75%, 0, 2, 2, 4.40, 8479, 391, 0, 0
938, 0, 0, 321, 270, 41, 38.75%, 0, 2, 2, 4.64, 8503, 391, 0, 0
940, 0, 0, 321, 270, 41, 38.75%, 0, 2, 2, 0.00, 8521, 391, 0, 0
1000, 0, 220, 328, 277, 41, 39.05%, 0, 2, 2, 19.58, 8975, 394, 0, 0
1005, 0, 321, 329, 277, 7, 39.05%, 0, 2, 2, 17.92, 9227, 394, 0, 0
1011, 0, 321, 329, 277, 7, 39.05%, 0, 2, 2, 51.54, 9464, 394, 0, 0
1016, 0, 321, 329, 277, 7, 39.05%, 0, 2, 2, 38.71, 9605, 394, 0, 0
1021, 0, 321, 329, 277, 7, 39.05%, 0, 2, 2, 28.96, 9801, 394, 0, 0
1026, 0, 321, 330, 278, 7, 39.05%, 0, 2, 2, 11.83, 10170, 394, 0, 0
1032, 0, 321, 330, 278, 7, 39.05%, 0, 2, 2, 84.23, 10478, 394, 0, 0
1037, 0, 321, 330, 278, 7, 39.05%, 0, 2, 2, 102.65, 10778, 394, 0, 0
1042, 0, 321, 331, 279, 7, 39.05%, 0, 2, 2, 28.06, 11022, 394, 0, 0
1047, 0, 321, 331, 279, 7, 39.05%, 0, 2, 2, 59.10, 11337, 394, 0, 0
1052, 0, 321, 331, 279, 7, 39.05%, 0, 2, 2, 147.60, 11626, 394, 0, 0
1058, 0, 321, 332, 280, 7, 39.15%, 0, 2, 2, 27.42, 12020, 395, 0, 0
1063, 0, 321, 333, 281, 7, 39.25%, 0, 2, 2, 22.62, 12249, 396, 0, 0
1068, 0, 321, 334, 282, 7, 39.25%, 0, 2, 2, 67.73, 12773, 396, 0, 0
1074, 0, 321, 334, 282, 7, 39.25%, 0, 2, 2, 11.81, 13029, 396, 0, 0
1079, 0, 321, 334, 282, 7, 39.25%, 0, 2, 2, 18.00, 13153, 396, 0, 0
1084, 0, 321, 334, 282, 7, 39.25%, 0, 2, 2, 97.00, 13410, 396, 0, 0
1090, 0, 321, 334, 282, 7, 39.25%, 0, 2, 2, 35.40, 13781, 396, 0, 0
1095, 0, 321, 334, 282, 7, 39.25%, 0, 2, 2, 9.97, 13996, 396, 0, 0
1103, 0, 321, 335, 283, 7, 39.25%, 0, 2, 2, 23.15, 14261, 396, 0, 0
1108, 0, 321, 335, 283, 7, 39.25%, 0, 2, 2, 5.98, 14448, 396, 0, 0
1114, 0, 321, 335, 283, 7, 39.25%, 0, 2, 2, 58.06, 14718, 396, 0, 0
1119, 0, 321, 335, 283, 7, 39.25%, 0, 2, 2, 17.85, 14938, 396, 0, 0
1125, 0, 321, 335, 283, 7, 39.25%, 0, 2, 2, 5.95, 15192, 396, 0, 0
1130, 0, 321, 335, 283, 7, 39.25%, 0, 2, 2, 58.25, 15546, 396, 0, 0
1135, 0, 321, 336, 284, 7, 39.35%, 0, 2, 2, 59.65, 15933, 397, 0, 0
1141, 0, 321, 337, 285, 7, 39.35%, 0, 2, 2, 79.69, 16215, 397, 0, 0
1146, 0, 321, 337, 285, 7, 39.35%, 0, 2, 2, 83.26, 16475, 397, 0, 0
1151, 0, 321, 337, 285, 7, 39.35%, 0, 2, 2, 66.73, 16645, 397, 0, 0
1157, 0, 321, 339, 287, 7, 39.35%, 0, 2, 2, 15.66, 17150, 397, 0, 0
1162, 0, 321, 339, 287, 7, 39.35%, 0, 2, 2, 68.21, 17353, 397, 0, 0
1167, 0, 321, 339, 287, 7, 39.35%, 0, 2, 2, 81.18, 17766, 397, 0, 0
1173, 0, 321, 339, 287, 7, 39.35%, 0, 2, 2, 96.15, 18086, 397, 0, 0
1178, 0, 321, 339, 287, 7, 39.35%, 0, 2, 2, 26.72, 18365, 397, 0, 0
1183, 0, 321, 339, 287, 7, 39.35%, 0, 2, 2, 50.75, 18555, 397, 0, 0
1189, 0, 322, 339, 286, 13, 39.35%, 0, 2, 2, 3.85, 18809, 397, 0, 0
1194, 0, 322, 339, 286, 13, 39.35%, 0, 2, 2, 3.42, 18824, 397, 0, 0
1199, 0, 322, 339, 286, 13, 39.35%, 0, 2, 2, 3.34, 18840, 397, 0, 0
1204, 0, 322, 339, 286, 13, 39.35%, 0, 2, 2, 3.05, 18854, 397, 0, 0
1209, 0, 322, 339, 286, 13, 39.35%, 0, 2, 2, 2.93, 18868, 397, 0, 0
1214, 0, 322, 339, 286, 13, 39.35%, 0, 2, 2, 2.66, 18880, 397, 0, 0
1219, 0, 322, 339, 286, 13, 39.35%, 0, 2, 2, 2.84, 18895, 397, 0, 0
1224, 0, 322, 339, 286, 13, 39.35%, 0, 2, 2, 3.15, 18913, 397, 0, 0
1229, 0, 322, 339, 286, 13, 39.35%, 0, 2, 2, 3.25, 18930, 397, 0, 0
1234, 0, 322, 339, 286, 13, 39.35%, 0, 2, 2, 3.57, 18960, 397, 0, 0
1238, 0, 322, 339, 286, 13, 39.35%, 0, 2, 2, 3.43, 18973, 397, 0, 0
