# relative_time, cycles_done, cur_item, corpus_count, pending_total, pending_favs, map_size, saved_crashes, saved_hangs, max_depth, execs_per_sec, total_execs, edges_found, total_crashes, servers_count
61, 0, 15, 172, 147, 79, 4.69%, 0, 0, 2, 34.99, 2991, 1447, 0, 0
66, 0, 15, 174, 149, 79, 4.70%, 0, 0, 2, 34.99, 3166, 1449, 0, 0
71, 0, 15, 176, 151, 79, 4.71%, 0, 0, 2, 34.85, 3346, 1453, 0, 0
76, 0, 15, 176, 151, 79, 4.71%, 0, 0, 2, 35.11, 3526, 1453, 0, 0
81, 0, 15, 177, 152, 79, 4.71%, 0, 0, 2, 34.01, 3700, 1454, 0, 0
86, 0, 15, 179, 154, 79, 4.72%, 0, 0, 2, 34.19, 3871, 1457, 0, 0
92, 0, 15, 181, 156, 79, 4.74%, 0, 0, 2, 35.17, 4049, 1462, 0, 0
97, 0, 15, 182, 157, 79, 4.74%, 0, 0, 2, 35.63, 4232, 1463, 0, 0
102, 0, 15, 188, 163, 79, 4.82%, 0, 0, 2, 37.39, 4425, 1486, 0, 0
107, 0, 15, 188, 163, 79, 4.82%, 0, 0, 2, 38.30, 4625, 1486, 0, 0
112, 0, 15, 188, 163, 79, 4.82%, 0, 0, 2, 38.42, 4817, 1486, 0, 0
117, 0, 15, 188, 163, 79, 4.82%, 0, 0, 2, 38.86, 5017, 1486, 0, 0
122, 0, 15, 188, 163, 79, 4.82%, 0, 0, 2, 38.47, 5217, 1486, 0, 0
127, 0, 15, 188, 163, 79, 4.82%, 0, 0, 2, 38.25, 5409, 1486, 0, 0
132, 0, 15, 188, 163, 79, 4.82%, 0, 0, 2, 38.51, 5609, 1486, 0, 0
138, 0, 15, 188, 163, 79, 4.82%, 0, 0, 2, 38.74, 5809, 1486, 0, 0
143, 0, 15, 188, 163, 79, 4.82%, 0, 0, 2, 38.75, 6009, 1486, 0, 0
148, 0, 12, 195, 169, 98, 4.88%, 0, 0, 2, 37.55, 6203, 1505, 0, 0
153, 0, 12, 208, 182, 98, 4.93%, 0, 0, 2, 35.43, 6376, 1521, 0, 0
158, 0, 12, 219, 193, 98, 4.96%, 0, 0, 2, 36.67, 6554, 1532, 0, 0
163, 0, 12, 227, 201, 98, 4.99%, 0, 0, 2, 35.49, 6734, 1540, 0, 0
169, 0, 12, 231, 205, 98, 5.00%, 0, 0, 2, 34.88, 6912, 1544, 0, 0
174, 0, 12, 236, 210, 98, 5.10%, 0, 0, 2, 33.87, 7083, 1573, 0, 0
179, 0, 12, 241, 215, 98, 5.13%, 0, 0, 2, 35.07, 7265, 1582, 0, 0
184, 0, 12, 244, 218, 98, 5.17%, 0, 0, 2, 35.48, 7445, 1596, 0, 0
189, 0, 12, 249, 223, 98, 5.27%, 0, 0, 2, 36.12, 7633, 1626, 0, 0
194, 0, 12, 253, 227, 98, 5.30%, 0, 0, 2, 36.21, 7815, 1634, 0, 0
199, 0, 12, 257, 231, 98, 5.35%, 0, 0, 2, 35.58, 7996, 1651, 0, 0
204, 0, 12, 260, 234, 98, 5.40%, 0, 0, 2, 35.45, 8177, 1666, 0, 0
210, 0, 12, 261, 235, 98, 5.41%, 0, 0, 2, 35.22, 8359, 1668, 0, 0
215, 0, 12, 264, 238, 98, 5.43%, 0, 0, 2, 36.11, 8543, 1676, 0, 0
220, 0, 12, 267, 241, 98, 5.44%, 0, 0, 2, 35.69, 8723, 1680, 0, 0
225, 0, 12, 271, 245, 98, 5.45%, 0, 0, 2, 35.79, 8907, 1683, 0, 0
230, 0, 12, 273, 247, 98, 5.46%, 0, 0, 2, 34.66, 9083, 1685, 0, 0
235, 0, 12, 278, 252, 98, 5.53%, 0, 0, 2, 35.72, 9273, 1706, 0, 0
242, 0, 16, 283, 255, 152, 5.55%, 0, 0, 2, 37.02, 9532, 1712, 0, 0
249, 0, 17, 285, 255, 151, 5.55%, 0, 0, 3, 36.71, 9773, 1714, 0, 0
254, 0, 54, 294, 263, 150, 5.62%, 0, 0, 3, 36.55, 9958, 1734, 0, 0
259, 0, 54, 301, 270, 150, 5.65%, 0, 0, 3, 35.98, 10141, 1742, 0, 0
264, 0, 54, 303, 272, 150, 5.66%, 0, 0, 3, 36.33, 10328, 1746, 0, 0
269, 0, 54, 304, 273, 150, 5.66%, 0, 0, 3, 34.98, 10499, 1746, 0, 0
275, 0, 54, 307, 276, 150, 5.67%, 0, 0, 3, 35.35, 10673, 1750, 0, 0
280, 0, 54, 310, 279, 150, 5.68%, 0, 0, 3, 35.64, 10849, 1753, 0, 0
285, 0, 54, 312, 281, 150, 5.69%, 0, 0, 3, 35.27, 11025, 1755, 0, 0
290, 0, 54, 314, 283, 150, 5.70%, 0, 0, 3, 34.60, 11206, 1758, 0, 0
295, 0, 54, 316, 285, 150, 5.71%, 0, 0, 3, 36.11, 11394, 1761, 0, 0
300, 0, 54, 318, 287, 150, 5.72%, 0, 0, 3, 36.66, 11578, 1765, 0, 0
305, 0, 54, 321, 290, 150, 5.74%, 0, 0, 3, 34.89, 11750, 1770, 0, 0
310, 0, 54, 322, 291, 150, 5.74%, 0, 0, 3, 35.89, 11928, 1771, 0, 0
315, 0, 54, 322, 291, 150, 5.74%, 0, 0, 3, 36.77, 12115, 1771, 0, 0
320, 0, 54, 323, 292, 150, 5.74%, 0, 0, 3, 35.99, 12290, 1771, 0, 0
325, 0, 54, 328, 297, 150, 5.76%, 0, 0, 3, 36.49, 12472, 1778, 0, 0
330, 0, 54, 331, 300, 150, 5.78%, 0, 0, 3, 35.55, 12652, 1782, 0, 0
335, 0, 187, 331, 298, 175, 5.78%, 0, 0, 3, 36.21, 12835, 1782, 0, 0
342, 0, 19, 333, 299, 176, 5.78%, 0, 0, 3, 34.87, 13056, 1784, 0, 0
347, 0, 56, 340, 305, 175, 5.79%, 0, 0, 3, 34.85, 13233, 1786, 0, 0
352, 0, 56, 343, 308, 175, 5.79%, 0, 0, 3, 36.75, 13422, 1787, 0, 0
357, 0, 56, 346, 311, 175, 5.79%, 0, 0, 3, 37.21, 13611, 1788, 0, 0
362, 0, 56, 346, 311, 175, 5.79%, 0, 0, 3, 36.32, 13799, 1788, 0, 0
367, 0, 56, 350, 315, 175, 5.80%, 0, 0, 3, 35.42, 13979, 1791, 0, 0
373, 0, 56, 351, 316, 175, 5.81%, 0, 0, 3, 34.43, 14154, 1792, 0, 0
378, 0, 56, 351, 316, 175, 5.81%, 0, 0, 3, 34.35, 14329, 1792, 0, 0
383, 0, 56, 352, 317, 175, 5.82%, 0, 0, 3, 36.59, 14521, 1795, 0, 0
388, 0, 56, 354, 319, 175, 5.82%, 0, 0, 3, 36.52, 14709, 1795, 0, 0
393, 0, 56, 355, 320, 175, 5.82%, 0, 0, 3, 36.74, 14902, 1796, 0, 0
398, 0, 56, 355, 320, 175, 5.82%, 0, 0, 3, 36.74, 15092, 1796, 0, 0
403, 0, 56, 356, 321, 175, 5.82%, 0, 0, 3, 34.63, 15266, 1796, 0, 0
409, 0, 56, 356, 321, 175, 5.82%, 0, 0, 3, 37.59, 15462, 1796, 0, 0
414, 0, 56, 357, 322, 175, 5.82%, 0, 0, 3, 37.33, 15650, 1796, 0, 0
419, 0, 56, 358, 323, 175, 5.82%, 0, 0, 3, 37.60, 15841, 1797, 0, 0
424, 0, 147, 358, 321, 177, 5.82%, 0, 0, 3, 37.66, 16049, 1797, 0, 0
429, 0, 182, 358, 320, 176, 5.82%, 0, 0, 3, 37.69, 16224, 1797, 0, 0
435, 0, 29, 360, 320, 173, 5.84%, 0, 0, 3, 36.92, 16415, 1802, 0, 0
440, 0, 29, 367, 327, 173, 5.87%, 0, 0, 3, 35.01, 16588, 1811, 0, 0
445, 0, 29, 367, 327, 173, 5.87%, 0, 0, 3, 34.32, 16762, 1811, 0, 0
450, 0, 29, 367, 327, 173, 5.87%, 0, 0, 3, 33.95, 16937, 1811, 0, 0
455, 0, 29, 368, 328, 173, 5.87%, 0, 0, 3, 35.78, 17116, 1812, 0, 0
460, 0, 29, 368, 328, 173, 5.87%, 0, 0, 3, 38.12, 17314, 1812, 0, 0
465, 0, 29, 370, 330, 173, 5.89%, 0, 0, 3, 37.30, 17500, 1818, 0, 0
471, 0, 23, 370, 329, 182, 5.89%, 0, 0, 3, 35.61, 17714, 1818, 0, 0
476, 0, 185, 372, 330, 181, 5.90%, 0, 0, 3, 34.09, 17882, 1820, 0, 0
482, 0, 25, 373, 329, 180, 5.90%, 0, 0, 3, 35.78, 18104, 1821, 0, 0
487, 0, 60, 373, 327, 178, 5.90%, 0, 0, 3, 36.42, 18289, 1821, 0, 0
492, 0, 60, 378, 332, 178, 5.94%, 0, 0, 3, 32.01, 18432, 1833, 0, 0
498, 0, 60, 385, 339, 178, 6.01%, 0, 0, 3, 28.49, 18563, 1856, 0, 0
503, 0, 60, 393, 347, 178, 6.07%, 0, 0, 3, 27.03, 18696, 1873, 0, 0
508, 0, 60, 401, 355, 178, 6.10%, 0, 0, 3, 25.96, 18827, 1881, 0, 0
513, 0, 60, 408, 362, 178, 6.14%, 0, 0, 3, 25.40, 18961, 1894, 0, 0
518, 0, 60, 414, 368, 178, 6.16%, 0, 0, 3, 25.29, 19089, 1901, 0, 0
523, 0, 60, 420, 374, 178, 6.18%, 0, 0, 3, 25.07, 19215, 1906, 0, 0
528, 0, 60, 423, 377, 178, 6.20%, 0, 0, 3, 24.89, 19341, 1912, 0, 0
533, 0, 60, 425, 379, 178, 6.20%, 0, 0, 3, 24.95, 19467, 1914, 0, 0
539, 0, 60, 427, 381, 178, 6.21%, 0, 0, 3, 23.98, 19586, 1916, 0, 0
544, 0, 60, 432, 386, 178, 6.24%, 0, 0, 3, 24.51, 19713, 1924, 0, 0
549, 0, 60, 433, 387, 178, 6.24%, 0, 0, 3, 25.50, 19849, 1924, 0, 0
554, 0, 60, 437, 391, 178, 6.25%, 0, 0, 3, 25.82, 19977, 1929, 0, 0
559, 0, 60, 437, 391, 178, 6.25%, 0, 0, 3, 25.47, 20106, 1929, 0, 0
564, 0, 60, 439, 393, 178, 6.26%, 0, 0, 3, 25.49, 20237, 1931, 0, 0
569, 0, 60, 443, 397, 178, 6.28%, 0, 0, 3, 25.63, 20369, 1938, 0, 0
574, 0, 60, 443, 397, 178, 6.28%, 0, 0, 3, 25.53, 20502, 1938, 0, 0
579, 0, 60, 443, 397, 178, 6.28%, 0, 0, 3, 25.66, 20631, 1938, 0, 0
585, 0, 60, 445, 399, 178, 6.29%, 0, 0, 3, 25.67, 20764, 1940, 0, 0
590, 0, 60, 446, 400, 178, 6.29%, 0, 0, 3, 25.67, 20895, 1941, 0, 0
594, 0, 60, 446, 400, 178, 6.29%, 0, 0, 3, 26.87, 20999, 1941, 0, 0
655, 0, 45, 588, 542, 178, 7.65%, 0, 0, 3, 34.92, 23232, 2361, 0, 0
660, 0, 45, 590, 544, 178, 7.65%, 0, 0, 3, 33.91, 23405, 2361, 0, 0
665, 0, 45, 591, 545, 178, 7.65%, 0, 0, 3, 36.76, 23600, 2361, 0, 0
671, 0, 45, 594, 548, 178, 7.65%, 0, 0, 3, 36.35, 23782, 2362, 0, 0
676, 0, 45, 595, 549, 178, 7.65%, 0, 0, 3, 37.17, 23963, 2362, 0, 0
681, 0, 45, 597, 551, 178, 7.66%, 0, 0, 3, 37.12, 24161, 2363, 0, 0
686, 0, 45, 600, 554, 178, 7.66%, 0, 0, 3, 35.78, 24329, 2364, 0, 0
691, 0, 45, 603, 557, 178, 7.66%, 0, 0, 3, 36.29, 24517, 2364, 0, 0
696, 0, 45, 606, 560, 178, 7.66%, 0, 0, 3, 36.50, 24700, 2364, 0, 0
701, 0, 45, 610, 564, 178, 7.66%, 0, 0, 3, 35.11, 24865, 2364, 0, 0
707, 0, 45, 613, 567, 178, 7.66%, 0, 0, 3, 34.97, 25038, 2364, 0, 0
712, 0, 45, 616, 570, 178, 7.66%, 0, 0, 3, 35.33, 25205, 2365, 0, 0
717, 0, 45, 617, 571, 178, 7.66%, 0, 0, 3, 36.93, 25396, 2365, 0, 0
722, 0, 45, 619, 573, 178, 7.66%, 0, 0, 3, 36.91, 25580, 2365, 0, 0
727, 0, 45, 619, 573, 178, 7.66%, 0, 0, 3, 35.54, 25762, 2365, 0, 0
733, 0, 45, 622, 576, 178, 7.67%, 0, 0, 3, 35.50, 25952, 2366, 0, 0
738, 0, 45, 625, 579, 178, 7.67%, 0, 0, 3, 35.67, 26131, 2367, 0, 0
743, 0, 45, 625, 579, 178, 7.67%, 0, 0, 3, 36.63, 26320, 2367, 0, 0
748, 0, 45, 626, 580, 178, 7.67%, 0, 0, 3, 35.94, 26500, 2367, 0, 0
753, 0, 45, 627, 581, 178, 7.67%, 0, 0, 3, 35.94, 26681, 2367, 0, 0
758, 0, 45, 628, 582, 178, 7.67%, 0, 0, 3, 35.91, 26860, 2368, 0, 0
763, 0, 45, 629, 583, 178, 7.67%, 0, 0, 3, 35.10, 27042, 2368, 0, 0
768, 0, 45, 631, 585, 178, 7.68%, 0, 0, 3, 36.32, 27214, 2369, 0, 0
773, 0, 45, 631, 585, 178, 7.68%, 0, 0, 3, 35.73, 27392, 2369, 0, 0
779, 0, 45, 631, 585, 178, 7.68%, 0, 0, 3, 37.37, 27563, 2369, 0, 0
784, 0, 45, 632, 586, 178, 7.68%, 0, 0, 3, 36.83, 27748, 2369, 0, 0
789, 0, 45, 633, 587, 178, 7.68%, 0, 0, 3, 37.45, 27936, 2369, 0, 0
794, 0, 45, 634, 588, 178, 7.68%, 0, 0, 3, 35.18, 28103, 2369, 0, 0
799, 0, 45, 634, 588, 178, 7.68%, 0, 0, 3, 36.51, 28283, 2369, 0, 0
804, 0, 45, 635, 589, 178, 7.68%, 0, 0, 3, 35.28, 28466, 2369, 0, 0
809, 0, 45, 636, 590, 178, 7.68%, 0, 0, 3, 35.51, 28644, 2369, 0, 0
814, 0, 45, 638, 592, 178, 7.68%, 0, 0, 3, 36.62, 28828, 2370, 0, 0
819, 0, 45, 639, 593, 178, 7.68%, 0, 0, 3, 34.45, 28987, 2370, 0, 0
824, 0, 45, 640, 594, 178, 7.68%, 0, 0, 3, 37.18, 29175, 2370, 0, 0
830, 0, 45, 641, 595, 178, 7.68%, 0, 0, 3, 38.15, 29370, 2370, 0, 0
835, 0, 45, 642, 596, 178, 7.68%, 0, 0, 3, 35.86, 29550, 2370, 0, 0
840, 0, 45, 644, 598, 178, 7.69%, 0, 0, 3, 36.42, 29729, 2372, 0, 0
845, 0, 45, 644, 598, 178, 7.69%, 0, 0, 3, 38.06, 29927, 2372, 0, 0
850, 0, 45, 644, 598, 178, 7.69%, 0, 0, 3, 37.82, 30118, 2372, 0, 0
855, 0, 45, 644, 598, 178, 7.69%, 0, 0, 3, 37.66, 30309, 2372, 0, 0
860, 0, 45, 645, 599, 178, 7.69%, 0, 0, 3, 37.23, 30498, 2372, 0, 0
865, 0, 45, 647, 601, 178, 7.69%, 0, 0, 3, 36.36, 30683, 2374, 0, 0
870, 0, 45, 648, 602, 178, 7.70%, 0, 0, 3, 35.91, 30864, 2375, 0, 0
876, 0, 45, 648, 602, 178, 7.70%, 0, 0, 3, 36.88, 31051, 2375, 0, 0
881, 0, 45, 648, 602, 178, 7.70%, 0, 0, 3, 37.88, 31245, 2375, 0, 0
886, 0, 45, 651, 605, 178, 7.70%, 0, 0, 3, 36.31, 31426, 2375, 0, 0
891, 0, 45, 651, 605, 178, 7.70%, 0, 0, 3, 36.10, 31602, 2375, 0, 0
896, 0, 45, 651, 605, 178, 7.70%, 0, 0, 3, 37.55, 31795, 2375, 0, 0
901, 0, 45, 653, 607, 178, 7.70%, 0, 0, 3, 37.43, 31983, 2376, 0, 0
906, 0, 45, 655, 609, 178, 7.71%, 0, 0, 3, 38.14, 32178, 2379, 0, 0
911, 0, 45, 655, 609, 178, 7.71%, 0, 0, 3, 37.20, 32365, 2379, 0, 0
916, 0, 45, 655, 609, 178, 7.71%, 0, 0, 3, 37.21, 32554, 2379, 0, 0
922, 0, 45, 657, 611, 178, 7.71%, 0, 0, 3, 36.69, 32735, 2379, 0, 0
927, 0, 45, 659, 613, 178, 7.72%, 0, 0, 3, 36.36, 32921, 2383, 0, 0
932, 0, 45, 659, 613, 178, 7.72%, 0, 0, 3, 36.69, 33105, 2383, 0, 0
937, 0, 45, 659, 613, 178, 7.72%, 0, 0, 3, 36.26, 33291, 2383, 0, 0
942, 0, 45, 659, 613, 178, 7.72%, 0, 0, 3, 36.67, 33478, 2383, 0, 0
947, 0, 45, 659, 613, 178, 7.72%, 0, 0, 3, 36.48, 33667, 2383, 0, 0
952, 0, 45, 659, 613, 178, 7.72%, 0, 0, 3, 37.73, 33857, 2383, 0, 0
957, 0, 45, 659, 613, 178, 7.72%, 0, 0, 3, 37.78, 34048, 2383, 0, 0
963, 0, 45, 659, 613, 178, 7.72%, 0, 0, 3, 37.37, 34239, 2383, 0, 0
968, 0, 45, 660, 614, 178, 7.72%, 0, 0, 3, 35.98, 34418, 2383, 0, 0
973, 0, 45, 661, 615, 178, 7.73%, 0, 0, 3, 35.32, 34596, 2384, 0, 0
978, 0, 45, 661, 615, 178, 7.73%, 0, 0, 3, 35.49, 34780, 2384, 0, 0
983, 0, 45, 661, 615, 178, 7.73%, 0, 0, 3, 37.06, 34970, 2384, 0, 0
988, 0, 45, 661, 615, 178, 7.73%, 0, 0, 3, 37.57, 35162, 2384, 0, 0
994, 0, 45, 663, 617, 178, 7.73%, 0, 0, 3, 36.15, 35346, 2384, 0, 0
995, 0, 45, 663, 617, 178, 7.73%, 0, 0, 3, 36.86, 35392, 2384, 0, 0
