# relative_time, cycles_done, cur_item, corpus_count, pending_total, pending_favs, map_size, saved_crashes, saved_hangs, max_depth, execs_per_sec, total_execs, edges_found, total_crashes, servers_count
60, 0, 11, 301, 253, 37, 39.63%, 0, 0, 2, 4.14, 3371, 216, 0, 0
66, 0, 11, 302, 254, 37, 39.82%, 0, 0, 2, 4.43, 3390, 217, 0, 0
71, 0, 11, 302, 254, 37, 39.82%, 0, 0, 2, 2.12, 3427, 217, 0, 0
76, 0, 11, 302, 254, 37, 39.82%, 0, 0, 2, 15.20, 3473, 217, 0, 0
81, 0, 11, 303, 255, 37, 39.82%, 0, 0, 2, 6.79, 3533, 217, 0, 0
86, 0, 11, 304, 256, 37, 40.00%, 0, 0, 2, 8.55, 3584, 218, 0, 0
91, 0, 11, 304, 256, 37, 40.00%, 0, 0, 2, 9.52, 3640, 218, 0, 0
96, 0, 11, 304, 256, 37, 40.00%, 0, 0, 2, 9.17, 3682, 218, 0, 0
101, 0, 11, 307, 259, 37, 40.37%, 0, 0, 2, 6.84, 3764, 220, 0, 0
106, 0, 11, 307, 259, 37, 40.37%, 0, 0, 2, 9.07, 3823, 220, 0, 0
111, 0, 11, 307, 259, 37, 40.37%, 0, 0, 2, 8.80, 3867, 220, 0, 0
116, 0, 11, 307, 259, 37, 40.37%, 0, 0, 2, 7.04, 3893, 220, 0, 0
121, 0, 11, 307, 259, 37, 40.37%, 0, 0, 2, 8.98, 3948, 220, 0, 0
127, 0, 11, 307, 259, 37, 40.37%, 0, 0, 2, 9.59, 4002, 220, 0, 0
132, 0, 11, 307, 259, 37, 40.37%, 0, 0, 2, 9.09, 4046, 220, 0, 0
141, 0, 11, 308, 260, 37, 40.55%, 0, 0, 2, 10.03, 4110, 221, 0, 0
146, 0, 11, 308, 260, 37, 40.55%, 0, 0, 2, 8.17, 4141, 221, 0, 0
151, 0, 11, 308, 260, 37, 40.55%, 0, 0, 2, 8.91, 4193, 221, 0, 0
156, 0, 11, 308, 260, 37, 40.55%, 0, 0, 2, 9.57, 4245, 221, 0, 0
161, 0, 11, 308, 260, 37, 40.55%, 0, 0, 2, 1.99, 4300, 221, 0, 0
167, 0, 11, 308, 260, 37, 40.55%, 0, 0, 2, 22.70, 4344, 221, 0, 0
172, 0, 11, 309, 261, 37, 40.55%, 0, 0, 2, 4.52, 4400, 221, 0, 0
177, 0, 11, 309, 261, 37, 40.55%, 0, 0, 2, 5.17, 4429, 221, 0, 0
182, 0, 11, 309, 261, 37, 40.55%, 0, 0, 2, 6.67, 4470, 221, 0, 0
190, 0, 11, 310, 262, 37, 40.73%, 0, 0, 2, 6.94, 4519, 222, 0, 0
195, 0, 11, 310, 262, 37, 40.73%, 0, 0, 2, 7.90, 4562, 222, 0, 0
203, 0, 11, 312, 264, 37, 40.73%, 0, 0, 2, 8.23, 4623, 222, 0, 0
208, 0, 11, 312, 264, 37, 40.73%, 0, 0, 2, 7.49, 4657, 222, 0, 0
213, 0, 11, 312, 264, 37, 40.73%, 0, 0, 2, 7.51, 4696, 222, 0, 0
222, 0, 11, 313, 265, 37, 40.73%, 0, 0, 2, 6.71, 4735, 222, 0, 0
227, 0, 11, 313, 265, 37, 40.73%, 0, 0, 2, 7.92, 4785, 222, 0, 0
232, 0, 11, 313, 265, 37, 40.73%, 0, 0, 2, 7.36, 4819, 222, 0, 0
237, 0, 11, 313, 265, 37, 40.73%, 0, 0, 2, 8.24, 4867, 222, 0, 0
242, 0, 11, 313, 265, 37, 40.73%, 0, 0, 2, 9.75, 4930, 222, 0, 0
247, 0, 11, 313, 265, 37, 40.73%, 0, 0, 2, 9.21, 4971, 222, 0, 0
253, 0, 11, 313, 265, 37, 40.73%, 0, 0, 2, 11.53, 5049, 222, 0, 0
258, 0, 11, 313, 265, 37, 40.73%, 0, 0, 2, 12.08, 5092, 222, 0, 0
263, 0, 11, 313, 265, 37, 40.73%, 0, 0, 2, 10.62, 5136, 222, 0, 0
271, 0, 11, 314, 266, 37, 40.92%, 0, 0, 2, 2.24, 5189, 223, 0, 0
276, 0, 11, 314, 266, 37, 40.92%, 0, 0, 2, 1.98, 5225, 223, 0, 0
281, 0, 11, 314, 266, 37, 40.92%, 0, 0, 2, 4.54, 5262, 223, 0, 0
286, 0, 11, 314, 266, 37, 40.92%, 0, 0, 2, 6.72, 5309, 223, 0, 0
293, 0, 11, 315, 267, 37, 40.92%, 0, 0, 2, 6.56, 5335, 223, 0, 0
298, 0, 11, 315, 267, 37, 40.92%, 0, 0, 2, 8.58, 5390, 223, 0, 0
303, 0, 11, 315, 267, 37, 40.92%, 0, 0, 2, 9.93, 5447, 223, 0, 0
308, 0, 11, 315, 267, 37, 40.92%, 0, 0, 2, 2.00, 5497, 223, 0, 0
313, 0, 11, 315, 267, 37, 40.92%, 0, 0, 2, 12.05, 5537, 223, 0, 0
318, 0, 11, 315, 267, 37, 40.92%, 0, 0, 2, 12.24, 5579, 223, 0, 0
323, 0, 11, 315, 267, 37, 40.92%, 0, 0, 2, 2.82, 5614, 223, 0, 0
328, 0, 11, 315, 267, 37, 40.92%, 0, 0, 2, 4.71, 5649, 223, 0, 0
333, 0, 11, 316, 268, 37, 40.92%, 0, 0, 2, 2.58, 5719, 223, 0, 0
338, 0, 11, 316, 268, 37, 40.92%, 0, 0, 2, 41.67, 5797, 223, 0, 0
343, 0, 11, 316, 268, 37, 40.92%, 0, 0, 2, 5.69, 5835, 223, 0, 0
348, 0, 11, 316, 268, 37, 40.92%, 0, 0, 2, 6.17, 5869, 223, 0, 0
353, 0, 11, 316, 268, 37, 40.92%, 0, 0, 2, 7.56, 5914, 223, 0, 0
358, 0, 11, 316, 268, 37, 40.92%, 0, 0, 2, 7.95, 5955, 223, 0, 0
364, 0, 11, 316, 268, 37, 40.92%, 0, 0, 2, 8.37, 5998, 223, 0, 0
369, 0, 11, 316, 268, 37, 40.92%, 0, 0, 2, 8.54, 6039, 223, 0, 0
374, 0, 11, 316, 268, 37, 40.92%, 0, 0, 2, 7.19, 6067, 223, 0, 0
379, 0, 11, 316, 268, 37, 40.92%, 0, 0, 2, 1.99, 6111, 223, 0, 0
384, 0, 11, 316, 268, 37, 40.92%, 0, 0, 2, 1.99, 6170, 223, 0, 0
389, 0, 11, 316, 268, 37, 40.92%, 0, 0, 2, 3.66, 6204, 223, 0, 0
394, 0, 11, 317, 269, 37, 40.92%, 0, 0, 2, 3.98, 6249, 223, 0, 0
399, 0, 11, 317, 269, 37, 40.92%, 0, 0, 2, 6.03, 6291, 223, 0, 0
404, 0, 11, 317, 269, 37, 40.92%, 0, 0, 2, 7.48, 6339, 223, 0, 0
409, 0, 11, 317, 269, 37, 40.92%, 0, 0, 2, 8.22, 6386, 223, 0, 0
414, 0, 11, 317, 269, 37, 40.92%, 0, 0, 2, 8.37, 6428, 223, 0, 0
419, 0, 11, 317, 269, 37, 40.92%, 0, 0, 2, 8.16, 6467, 223, 0, 0
424, 0, 11, 317, 269, 37, 40.92%, 0, 0, 2, 9.45, 6521, 223, 0, 0
429, 0, 11, 317, 269, 37, 40.92%, 0, 0, 2, 9.60, 6570, 223, 0, 0
434, 0, 11, 317, 269, 37, 40.92%, 0, 0, 2, 9.06, 6614, 223, 0, 0
439, 0, 11, 317, 269, 37, 40.92%, 0, 0, 2, 8.30, 6653, 223, 0, 0
445, 0, 11, 317, 269, 37, 40.92%, 0, 0, 2, 9.53, 6710, 223, 0, 0
450, 0, 11, 317, 269, 37, 40.92%, 0, 0, 2, 10.98, 6754, 223, 0, 0
455, 0, 11, 317, 269, 37, 40.92%, 0, 0, 2, 9.20, 6790, 223, 0, 0
460, 0, 11, 317, 269, 37, 40.92%, 0, 0, 2, 8.95, 6836, 223, 0, 0
465, 0, 11, 317, 269, 37, 40.92%, 0, 0, 2, 9.46, 6884, 223, 0, 0
470, 0, 11, 317, 269, 37, 40.92%, 0, 0, 2, 8.59, 6926, 223, 0, 0
475, 0, 11, 317, 269, 37, 40.92%, 0, 0, 2, 8.11, 6964, 223, 0, 0
480, 0, 11, 317, 269, 37, 40.92%, 0, 0, 2, 9.06, 7012, 223, 0, 0
485, 0, 11, 317, 269, 37, 40.92%, 0, 0, 2, 9.53, 7064, 223, 0, 0
490, 0, 11, 317, 269, 37, 40.92%, 0, 0, 2, 10.23, 7118, 223, 0, 0
495, 0, 11, 317, 269, 37, 40.92%, 0, 0, 2, 13.75, 7159, 223, 0, 0
500, 0, 11, 317, 269, 37, 40.92%, 0, 0, 2, 12.25, 7216, 223, 0, 0
505, 0, 11, 317, 269, 37, 40.92%, 0, 0, 2, 10.22, 7254, 223, 0, 0
510, 0, 11, 317, 269, 37, 40.92%, 0, 0, 2, 9.15, 7295, 223, 0, 0
515, 0, 11, 317, 269, 37, 40.92%, 0, 0, 2, 9.25, 7344, 223, 0, 0
521, 0, 11, 317, 269, 37, 40.92%, 0, 0, 2, 9.08, 7389, 223, 0, 0
526, 0, 11, 317, 269, 37, 40.92%, 0, 0, 2, 8.82, 7432, 223, 0, 0
531, 0, 11, 317, 269, 37, 40.92%, 0, 0, 2, 8.72, 7479, 223, 0, 0
536, 0, 11, 317, 269, 37, 40.92%, 0, 0, 2, 8.97, 7523, 223, 0, 0
541, 0, 11, 317, 269, 37, 40.92%, 0, 0, 2, 7.88, 7557, 223, 0, 0
546, 0, 11, 317, 269, 37, 40.92%, 0, 0, 2, 8.60, 7606, 223, 0, 0
551, 0, 11, 317, 269, 37, 40.92%, 0, 0, 2, 8.21, 7647, 223, 0, 0
556, 0, 11, 317, 269, 37, 40.92%, 0, 0, 2, 7.76, 7685, 223, 0, 0
561, 0, 11, 317, 269, 37, 40.92%, 0, 0, 2, 8.01, 7726, 223, 0, 0
566, 0, 11, 317, 269, 37, 40.92%, 0, 0, 2, 10.43, 7793, 223, 0, 0
571, 0, 11, 317, 269, 37, 40.92%, 0, 0, 2, 10.50, 7832, 223, 0, 0
576, 0, 11, 318, 270, 37, 41.10%, 0, 0, 2, 9.63, 7875, 224, 0, 0
581, 0, 11, 318, 270, 37, 41.10%, 0, 0, 2, 13.41, 7932, 224, 0, 0
586, 0, 11, 318, 270, 37, 41.10%, 0, 0, 2, 2.36, 7969, 224, 0, 0
592, 0, 11, 318, 270, 37, 41.10%, 0, 0, 2, 11.81, 8028, 224, 0, 0
597, 0, 11, 318, 270, 37, 41.10%, 0, 0, 2, 12.66, 8064, 224, 0, 0
602, 0, 11, 318, 270, 37, 41.10%, 0, 0, 2, 3.42, 8115, 224, 0, 0
607, 0, 11, 318, 270, 37, 41.10%, 0, 0, 2, 15.76, 8158, 224, 0, 0
612, 0, 11, 318, 270, 37, 41.10%, 0, 0, 2, 2.12, 8189, 224, 0, 0
617, 0, 11, 318, 270, 37, 41.10%, 0, 0, 2, 5.13, 8243, 224, 0, 0
622, 0, 11, 318, 270, 37, 41.10%, 0, 0, 2, 7.85, 8301, 224, 0, 0
627, 0, 11, 318, 270, 37, 41.10%, 0, 0, 2, 7.48, 8336, 224, 0, 0
632, 0, 11, 318, 270, 37, 41.10%, 0, 0, 2, 7.46, 8375, 224, 0, 0
637, 0, 11, 318, 270, 37, 41.10%, 0, 0, 2, 7.86, 8417, 224, 0, 0
642, 0, 11, 318, 270, 37, 41.10%, 0, 0, 2, 8.13, 8457, 224, 0, 0
647, 0, 11, 318, 270, 37, 41.10%, 0, 0, 2, 4.46, 8503, 224, 0, 0
652, 0, 11, 318, 270, 37, 41.10%, 0, 0, 2, 3.85, 8559, 224, 0, 0
657, 0, 11, 318, 270, 37, 41.10%, 0, 0, 2, 5.12, 8592, 224, 0, 0
662, 0, 11, 318, 270, 37, 41.10%, 0, 0, 2, 7.31, 8639, 224, 0, 0
668, 0, 11, 318, 270, 37, 41.10%, 0, 0, 2, 8.07, 8686, 224, 0, 0
673, 0, 11, 318, 270, 37, 41.10%, 0, 0, 2, 7.27, 8718, 224, 0, 0
678, 0, 11, 318, 270, 37, 41.10%, 0, 0, 2, 13.57, 8778, 224, 0, 0
683, 0, 11, 318, 270, 37, 41.10%, 0, 0, 2, 2.36, 8831, 224, 0, 0
688, 0, 11, 318, 270, 37, 41.10%, 0, 0, 2, 21.07, 8876, 224, 0, 0
693, 0, 11, 319, 271, 37, 41.65%, 0, 0, 2, 3.35, 8918, 227, 0, 0
698, 0, 11, 319, 271, 37, 41.65%, 0, 0, 2, 2.24, 8985, 227, 0, 0
703, 0, 11, 319, 271, 37, 41.65%, 0, 0, 2, 2.37, 9025, 227, 0, 0
708, 0, 11, 319, 271, 37, 41.65%, 0, 0, 2, 14.95, 9069, 227, 0, 0
713, 0, 11, 319, 271, 37, 41.65%, 0, 0, 2, 24.28, 9115, 227, 0, 0
718, 0, 11, 319, 271, 37, 41.65%, 0, 0, 2, 4.68, 9142, 227, 0, 0
723, 0, 11, 319, 271, 37, 41.65%, 0, 0, 2, 7.53, 9196, 227, 0, 0
728, 0, 11, 320, 272, 37, 41.83%, 0, 0, 2, 9.17, 9250, 228, 0, 0
733, 0, 11, 320, 272, 37, 41.83%, 0, 0, 2, 9.62, 9301, 228, 0, 0
738, 0, 11, 321, 273, 37, 42.75%, 0, 0, 2, 11.08, 9339, 233, 0, 0
744, 0, 11, 321, 273, 37, 42.75%, 0, 0, 2, 21.75, 9415, 233, 0, 0
749, 0, 11, 321, 273, 37, 42.75%, 0, 0, 2, 39.97, 9489, 233, 0, 0
754, 0, 11, 321, 273, 37, 42.75%, 0, 0, 2, 2.49, 9550, 233, 0, 0
759, 0, 11, 321, 273, 37, 42.75%, 0, 0, 2, 11.09, 9592, 233, 0, 0
764, 0, 11, 321, 273, 37, 42.75%, 0, 0, 2, 10.55, 9644, 233, 0, 0
769, 0, 11, 321, 273, 37, 42.75%, 0, 0, 2, 2.12, 9684, 233, 0, 0
774, 0, 11, 321, 273, 37, 42.75%, 0, 0, 2, 2.23, 9716, 233, 0, 0
779, 0, 11, 321, 273, 37, 42.75%, 0, 0, 2, 2.64, 9755, 233, 0, 0
784, 0, 11, 321, 273, 37, 42.75%, 0, 0, 2, 16.99, 9791, 233, 0, 0
789, 0, 11, 321, 273, 37, 42.75%, 0, 0, 2, 18.77, 9830, 233, 0, 0
794, 0, 11, 321, 273, 37, 42.75%, 0, 0, 2, 12.77, 9883, 233, 0, 0
799, 0, 11, 321, 273, 37, 42.75%, 0, 0, 2, 1.99, 9919, 233, 0, 0
804, 0, 11, 321, 273, 37, 42.75%, 0, 0, 2, 6.20, 9973, 233, 0, 0
810, 0, 11, 321, 273, 37, 42.75%, 0, 0, 2, 8.42, 10030, 233, 0, 0
815, 0, 11, 321, 273, 37, 42.75%, 0, 0, 2, 7.55, 10061, 233, 0, 0
820, 0, 11, 321, 273, 37, 42.75%, 0, 0, 2, 7.52, 10098, 233, 0, 0
825, 0, 11, 321, 273, 37, 42.75%, 0, 0, 2, 6.91, 10132, 233, 0, 0
830, 0, 11, 321, 273, 37, 42.75%, 0, 0, 2, 8.67, 10184, 233, 0, 0
835, 0, 11, 321, 273, 37, 42.75%, 0, 0, 2, 8.74, 10229, 233, 0, 0
840, 0, 11, 321, 273, 37, 42.75%, 0, 0, 2, 10.64, 10293, 233, 0, 0
845, 0, 11, 321, 273, 37, 42.75%, 0, 0, 2, 2.36, 10326, 233, 0, 0
850, 0, 11, 321, 273, 37, 42.75%, 0, 0, 2, 1.99, 10361, 233, 0, 0
857, 0, 11, 322, 274, 37, 42.75%, 0, 0, 2, 2.25, 10394, 233, 0, 0
862, 0, 11, 322, 274, 37, 42.75%, 0, 0, 2, 20.73, 10451, 233, 0, 0
867, 0, 11, 322, 274, 37, 42.75%, 0, 0, 2, 5.69, 10490, 233, 0, 0
872, 0, 11, 322, 274, 37, 42.75%, 0, 0, 2, 6.46, 10529, 233, 0, 0
878, 0, 11, 322, 274, 37, 42.75%, 0, 0, 2, 6.13, 10560, 233, 0, 0
883, 0, 11, 322, 274, 37, 42.75%, 0, 0, 2, 8.07, 10611, 233, 0, 0
888, 0, 11, 322, 274, 37, 42.75%, 0, 0, 2, 6.54, 10636, 233, 0, 0
892, 0, 11, 322, 274, 37, 42.75%, 0, 0, 2, 7.21, 10671, 233, 0, 0
952, 0, 16, 329, 281, 37, 43.67%, 0, 0, 2, 12.35, 11178, 238, 0, 0
957, 0, 16, 329, 281, 37, 43.67%, 0, 0, 2, 81.13, 11275, 238, 0, 0
962, 0, 16, 331, 283, 37, 43.67%, 0, 0, 2, 5.91, 11336, 238, 0, 0
967, 0, 16, 331, 283, 37, 43.67%, 0, 0, 2, 6.40, 11395, 238, 0, 0
972, 0, 16, 331, 283, 37, 43.67%, 0, 0, 2, 7.48, 11438, 238, 0, 0
977, 0, 16, 331, 283, 37, 43.67%, 0, 0, 2, 8.20, 11482, 238, 0, 0
982, 0, 16, 332, 284, 37, 43.67%, 0, 0, 2, 12.76, 11569, 238, 0, 0
987, 0, 16, 332, 284, 37, 43.67%, 0, 0, 2, 5.60, 11628, 238, 0, 0
993, 0, 16, 332, 284, 37, 43.67%, 0, 0, 2, 7.27, 11673, 238, 0, 0
998, 0, 16, 333, 285, 37, 43.85%, 0, 0, 2, 7.94, 11712, 239, 0, 0
1003, 0, 16, 333, 285, 37, 43.85%, 0, 0, 2, 8.26, 11754, 239, 0, 0
1008, 0, 16, 333, 285, 37, 43.85%, 0, 0, 2, 8.57, 11800, 239, 0, 0
1013, 0, 16, 334, 286, 37, 43.85%, 0, 0, 2, 10.42, 11859, 239, 0, 0
1018, 0, 16, 334, 286, 37, 43.85%, 0, 0, 2, 9.70, 11903, 239, 0, 0
1023, 0, 16, 334, 286, 37, 43.85%, 0, 0, 2, 12.57, 11982, 239, 0, 0
1029, 0, 16, 334, 286, 37, 43.85%, 0, 0, 2, 11.44, 12032, 239, 0, 0
1034, 0, 16, 334, 286, 37, 43.85%, 0, 0, 2, 12.57, 12088, 239, 0, 0
1039, 0, 16, 334, 286, 37, 43.85%, 0, 0, 2, 11.99, 12134, 239, 0, 0
1044, 0, 16, 334, 286, 37, 43.85%, 0, 0, 2, 12.68, 12200, 239, 0, 0
1049, 0, 16, 334, 286, 37, 43.85%, 0, 0, 2, 16.24, 12295, 239, 0, 0
1054, 0, 16, 334, 286, 37, 43.85%, 0, 0, 2, 14.54, 12361, 239, 0, 0
1059, 0, 16, 334, 286, 37, 43.85%, 0, 0, 2, 2.79, 12394, 239, 0, 0
1064, 0, 16, 334, 286, 37, 43.85%, 0, 0, 2, 11.87, 12459, 239, 0, 0
1069, 0, 16, 334, 286, 37, 43.85%, 0, 0, 2, 14.89, 12555, 239, 0, 0
1075, 0, 16, 335, 287, 37, 44.04%, 0, 0, 2, 2.49, 12577, 240, 0, 0
1080, 0, 16, 335, 287, 37, 44.04%, 0, 0, 2, 11.44, 12622, 240, 0, 0
1085, 0, 16, 335, 287, 37, 44.04%, 0, 0, 2, 10.73, 12672, 240, 0, 0
1090, 0, 16, 335, 287, 37, 44.04%, 0, 0, 2, 11.60, 12725, 240, 0, 0
1095, 0, 16, 335, 287, 37, 44.04%, 0, 0, 2, 12.56, 12796, 240, 0, 0
1100, 0, 16, 335, 287, 37, 44.04%, 0, 0, 2, 2.80, 12825, 240, 0, 0
1105, 0, 16, 335, 287, 37, 44.04%, 0, 0, 2, 4.09, 12873, 240, 0, 0
1110, 0, 16, 335, 287, 37, 44.04%, 0, 0, 2, 2.44, 12924, 240, 0, 0
1115, 0, 16, 335, 287, 37, 44.04%, 0, 0, 2, 4.07, 12970, 240, 0, 0
1120, 0, 16, 335, 287, 37, 44.04%, 0, 0, 2, 14.17, 13036, 240, 0, 0
1126, 0, 16, 335, 287, 37, 44.04%, 0, 0, 2, 13.97, 13084, 240, 0, 0
1131, 0, 16, 335, 287, 37, 44.04%, 0, 0, 2, 13.34, 13148, 240, 0, 0
1136, 0, 16, 335, 287, 37, 44.04%, 0, 0, 2, 13.90, 13222, 240, 0, 0
1141, 0, 16, 335, 287, 37, 44.04%, 0, 0, 2, 11.72, 13286, 240, 0, 0
1146, 0, 16, 335, 287, 37, 44.04%, 0, 0, 2, 62.27, 13356, 240, 0, 0
1151, 0, 16, 335, 287, 37, 44.04%, 0, 0, 2, 3.41, 13394, 240, 0, 0
1156, 0, 16, 335, 287, 37, 44.04%, 0, 0, 2, 3.84, 13458, 240, 0, 0
1161, 0, 16, 335, 287, 37, 44.04%, 0, 0, 2, 12.09, 13508, 240, 0, 0
1166, 0, 16, 335, 287, 37, 44.04%, 0, 0, 2, 11.43, 13567, 240, 0, 0
1171, 0, 16, 335, 287, 37, 44.04%, 0, 1, 2, 2.59, 13607, 240, 0, 0
1177, 0, 16, 335, 287, 37, 44.04%, 0, 1, 2, 14.40, 13652, 240, 0, 0
1182, 0, 16, 335, 287, 37, 44.04%, 0, 1, 2, 3.98, 13725, 240, 0, 0
1187, 0, 16, 335, 287, 37, 44.04%, 0, 1, 2, 4.09, 13813, 240, 0, 0
1188, 0, 16, 335, 287, 37, 44.04%, 0, 1, 2, 4.50, 13820, 240, 0, 0
