# relative_time, cycles_done, cur_item, corpus_count, pending_total, pending_favs, map_size, saved_crashes, saved_hangs, max_depth, execs_per_sec, total_execs, edges_found, total_crashes, servers_count
61, 0, 0, 223, 207, 21, 7.58%, 0, 0, 2, 53.61, 3789, 1860, 0, 0
66, 0, 0, 225, 209, 21, 7.61%, 0, 0, 2, 51.35, 4032, 1869, 0, 0
71, 0, 0, 227, 211, 21, 7.61%, 0, 0, 2, 52.86, 4308, 1869, 0, 0
76, 0, 0, 232, 216, 21, 7.63%, 0, 0, 2, 52.78, 4578, 1872, 0, 0
81, 0, 0, 232, 216, 21, 7.63%, 0, 0, 2, 52.29, 4840, 1872, 0, 0
87, 0, 0, 232, 216, 21, 7.63%, 0, 0, 2, 52.58, 5114, 1872, 0, 0
92, 0, 0, 235, 219, 21, 7.63%, 0, 0, 2, 48.93, 5358, 1873, 0, 0
97, 0, 0, 240, 224, 21, 7.63%, 0, 0, 2, 52.14, 5630, 1874, 0, 0
102, 0, 0, 244, 228, 21, 7.68%, 0, 0, 2, 53.07, 5899, 1884, 0, 0
107, 0, 0, 248, 232, 21, 7.68%, 0, 0, 2, 53.26, 6167, 1886, 0, 0
112, 0, 0, 249, 233, 21, 7.68%, 0, 0, 2, 53.18, 6438, 1886, 0, 0
117, 0, 0, 249, 233, 21, 7.68%, 0, 0, 2, 53.56, 6713, 1886, 0, 0
122, 0, 0, 250, 234, 21, 7.68%, 0, 0, 2, 53.83, 6989, 1886, 0, 0
127, 0, 0, 252, 236, 21, 7.69%, 0, 0, 2, 53.86, 7266, 1887, 0, 0
133, 0, 0, 252, 236, 21, 7.69%, 0, 0, 2, 53.42, 7541, 1887, 0, 0
138, 0, 0, 253, 237, 21, 7.69%, 0, 0, 2, 53.49, 7811, 1887, 0, 0
143, 0, 0, 253, 237, 21, 7.69%, 0, 0, 2, 53.74, 8086, 1887, 0, 0
148, 0, 0, 255, 239, 21, 7.70%, 0, 0, 2, 53.90, 8357, 1890, 0, 0
153, 0, 211, 261, 243, 101, 7.70%, 0, 0, 3, 53.60, 8644, 1890, 0, 0
159, 0, 9, 263, 244, 100, 7.70%, 0, 0, 3, 53.42, 8931, 1891, 0, 0
164, 0, 9, 272, 253, 100, 7.70%, 0, 0, 3, 52.86, 9200, 1891, 0, 0
169, 0, 9, 277, 258, 100, 7.70%, 0, 0, 3, 53.19, 9471, 1891, 0, 0
174, 0, 9, 281, 262, 100, 7.71%, 0, 0, 3, 53.26, 9741, 1893, 0, 0
179, 0, 9, 284, 265, 100, 7.73%, 0, 0, 3, 53.27, 10012, 1897, 0, 0
184, 0, 9, 286, 267, 100, 7.76%, 0, 0, 3, 53.33, 10282, 1905, 0, 0
190, 0, 9, 289, 270, 100, 7.76%, 0, 0, 3, 53.32, 10552, 1905, 0, 0
195, 0, 9, 291, 272, 100, 7.76%, 0, 0, 3, 53.02, 10822, 1905, 0, 0
200, 0, 9, 293, 274, 100, 7.76%, 0, 0, 3, 53.00, 11091, 1905, 0, 0
205, 0, 9, 295, 276, 100, 7.76%, 0, 0, 3, 52.81, 11359, 1905, 0, 0
210, 0, 9, 296, 277, 100, 7.77%, 0, 0, 3, 52.68, 11623, 1906, 0, 0
215, 0, 9, 299, 280, 100, 7.78%, 0, 0, 3, 52.80, 11893, 1909, 0, 0
220, 0, 9, 300, 281, 100, 7.78%, 0, 0, 3, 53.32, 12168, 1909, 0, 0
225, 0, 9, 302, 283, 100, 7.78%, 0, 0, 3, 53.56, 12437, 1909, 0, 0
230, 0, 9, 303, 284, 100, 7.79%, 0, 0, 3, 53.38, 12705, 1911, 0, 0
235, 0, 9, 305, 286, 100, 7.79%, 0, 0, 3, 53.37, 12980, 1911, 0, 0
241, 0, 9, 305, 286, 100, 7.79%, 0, 0, 3, 53.37, 13255, 1911, 0, 0
246, 0, 9, 305, 286, 100, 7.79%, 0, 0, 3, 53.05, 13530, 1911, 0, 0
251, 0, 9, 308, 289, 100, 7.79%, 0, 0, 3, 53.15, 13800, 1912, 0, 0
256, 0, 9, 308, 289, 100, 7.79%, 0, 0, 3, 53.48, 14075, 1912, 0, 0
261, 0, 9, 308, 289, 100, 7.79%, 0, 0, 3, 53.23, 14350, 1912, 0, 0
266, 0, 9, 309, 290, 100, 7.79%, 0, 0, 3, 52.99, 14618, 1912, 0, 0
271, 0, 9, 309, 290, 100, 7.79%, 0, 0, 3, 52.76, 14892, 1912, 0, 0
277, 0, 9, 309, 290, 100, 7.79%, 0, 0, 3, 53.75, 15169, 1912, 0, 0
282, 0, 9, 311, 292, 100, 7.81%, 0, 0, 3, 53.62, 15441, 1916, 0, 0
287, 0, 13, 312, 292, 108, 7.81%, 0, 0, 3, 53.61, 15743, 1916, 0, 0
292, 0, 13, 316, 296, 108, 7.81%, 0, 0, 3, 53.20, 16013, 1916, 0, 0
297, 0, 13, 316, 296, 108, 7.81%, 0, 0, 3, 53.05, 16288, 1916, 0, 0
303, 0, 13, 316, 296, 108, 7.81%, 0, 0, 3, 53.01, 16562, 1916, 0, 0
308, 0, 234, 319, 297, 106, 7.81%, 0, 0, 3, 53.17, 16831, 1916, 0, 0
313, 0, 45, 324, 301, 106, 7.81%, 0, 0, 3, 52.34, 17090, 1918, 0, 0
318, 0, 115, 326, 301, 105, 7.82%, 0, 0, 3, 51.17, 17352, 1919, 0, 0
323, 0, 115, 332, 307, 105, 7.85%, 0, 0, 3, 53.29, 17627, 1927, 0, 0
328, 0, 115, 333, 308, 105, 7.86%, 0, 0, 3, 53.42, 17896, 1929, 0, 0
333, 0, 115, 333, 308, 105, 7.86%, 0, 0, 3, 53.49, 18171, 1929, 0, 0
338, 0, 115, 335, 310, 105, 7.86%, 0, 0, 3, 53.79, 18446, 1929, 0, 0
343, 0, 115, 335, 310, 105, 7.86%, 0, 0, 3, 53.73, 18721, 1929, 0, 0
348, 0, 115, 336, 311, 105, 7.86%, 0, 0, 3, 53.65, 18992, 1930, 0, 0
353, 0, 115, 336, 311, 105, 7.86%, 0, 0, 3, 53.90, 19267, 1930, 0, 0
359, 0, 115, 336, 311, 105, 7.86%, 0, 0, 3, 53.99, 19542, 1930, 0, 0
364, 0, 115, 336, 311, 105, 7.86%, 0, 0, 3, 53.59, 19816, 1930, 0, 0
369, 0, 115, 338, 313, 105, 7.87%, 0, 0, 3, 53.76, 20089, 1931, 0, 0
374, 0, 115, 340, 315, 105, 7.88%, 0, 0, 3, 53.44, 20366, 1933, 0, 0
379, 0, 115, 340, 315, 105, 7.88%, 0, 0, 3, 53.34, 20641, 1933, 0, 0
384, 0, 115, 340, 315, 105, 7.88%, 0, 0, 3, 53.46, 20916, 1933, 0, 0
389, 0, 115, 342, 317, 105, 7.88%, 0, 0, 3, 53.39, 21187, 1935, 0, 0
394, 0, 115, 343, 318, 105, 7.89%, 0, 0, 3, 53.21, 21457, 1936, 0, 0
400, 0, 115, 343, 318, 105, 7.89%, 0, 0, 3, 53.21, 21732, 1936, 0, 0
405, 0, 115, 343, 318, 105, 7.89%, 0, 0, 3, 53.56, 22007, 1936, 0, 0
410, 0, 115, 343, 318, 105, 7.89%, 0, 0, 3, 53.61, 22282, 1936, 0, 0
415, 0, 115, 343, 318, 105, 7.89%, 0, 0, 3, 53.43, 22557, 1936, 0, 0
420, 0, 115, 343, 318, 105, 7.89%, 0, 0, 3, 53.52, 22832, 1936, 0, 0
425, 0, 115, 343, 318, 105, 7.89%, 0, 0, 3, 53.32, 23107, 1936, 0, 0
430, 0, 115, 344, 319, 105, 7.89%, 0, 0, 3, 53.42, 23377, 1936, 0, 0
435, 0, 115, 344, 319, 105, 7.89%, 0, 0, 3, 53.21, 23652, 1936, 0, 0
441, 0, 49, 345, 319, 110, 7.89%, 0, 0, 3, 53.33, 23934, 1937, 0, 0
446, 0, 52, 350, 323, 111, 7.92%, 0, 0, 3, 53.16, 24200, 1943, 0, 0
451, 0, 52, 350, 323, 111, 7.92%, 0, 0, 3, 53.12, 24475, 1943, 0, 0
456, 0, 52, 350, 323, 111, 7.92%, 0, 0, 3, 52.73, 24739, 1943, 0, 0
461, 0, 52, 350, 323, 111, 7.92%, 0, 0, 3, 52.94, 25014, 1943, 0, 0
466, 0, 52, 350, 323, 111, 7.92%, 0, 0, 3, 52.85, 25289, 1943, 0, 0
472, 0, 52, 353, 326, 111, 7.92%, 0, 0, 3, 52.61, 25563, 1943, 0, 0
477, 0, 52, 355, 328, 111, 7.92%, 0, 0, 3, 52.45, 25825, 1944, 0, 0
482, 0, 52, 359, 332, 111, 7.93%, 0, 0, 3, 52.57, 26092, 1947, 0, 0
487, 0, 52, 359, 332, 111, 7.93%, 0, 0, 3, 52.43, 26355, 1947, 0, 0
492, 0, 52, 360, 333, 111, 7.93%, 0, 0, 3, 52.31, 26620, 1947, 0, 0
497, 0, 52, 360, 333, 111, 7.93%, 0, 0, 3, 52.56, 26883, 1947, 0, 0
502, 0, 52, 361, 334, 111, 7.94%, 0, 0, 3, 52.55, 27147, 1949, 0, 0
507, 0, 52, 361, 334, 111, 7.94%, 0, 0, 3, 52.10, 27420, 1949, 0, 0
512, 0, 52, 364, 337, 111, 7.95%, 0, 0, 3, 51.73, 27685, 1952, 0, 0
517, 0, 52, 365, 338, 111, 7.95%, 0, 0, 3, 52.27, 27956, 1952, 0, 0
522, 0, 52, 365, 338, 111, 7.95%, 0, 0, 3, 52.61, 28220, 1952, 0, 0
527, 0, 52, 365, 338, 111, 7.95%, 0, 0, 3, 51.95, 28482, 1952, 0, 0
532, 0, 52, 365, 338, 111, 7.95%, 0, 0, 3, 52.19, 28745, 1952, 0, 0
537, 0, 52, 365, 338, 111, 7.95%, 0, 0, 3, 52.74, 29009, 1952, 0, 0
542, 0, 52, 365, 338, 111, 7.95%, 0, 0, 3, 52.16, 29272, 1952, 0, 0
548, 0, 52, 366, 339, 111, 7.95%, 0, 0, 3, 52.16, 29542, 1952, 0, 0
553, 0, 52, 366, 339, 111, 7.95%, 0, 0, 3, 52.48, 29806, 1952, 0, 0
558, 0, 52, 366, 339, 111, 7.95%, 0, 0, 3, 52.93, 30080, 1952, 0, 0
563, 0, 52, 367, 340, 111, 7.95%, 0, 0, 3, 53.30, 30351, 1952, 0, 0
568, 0, 52, 367, 340, 111, 7.95%, 0, 0, 3, 53.00, 30625, 1952, 0, 0
573, 0, 52, 367, 340, 111, 7.95%, 0, 0, 3, 52.75, 30889, 1952, 0, 0
578, 0, 52, 367, 340, 111, 7.95%, 0, 0, 3, 52.49, 31152, 1952, 0, 0
583, 0, 52, 367, 340, 111, 7.95%, 0, 0, 3, 52.27, 31416, 1952, 0, 0
588, 0, 52, 367, 340, 111, 7.95%, 0, 0, 3, 52.46, 31680, 1952, 0, 0
593, 0, 52, 368, 341, 111, 7.95%, 0, 0, 3, 52.01, 31949, 1952, 0, 0
598, 0, 52, 368, 341, 111, 7.95%, 0, 0, 3, 52.30, 32213, 1952, 0, 0
603, 0, 52, 368, 341, 111, 7.95%, 0, 0, 3, 52.21, 32476, 1952, 0, 0
608, 0, 52, 368, 341, 111, 7.95%, 0, 0, 3, 51.86, 32737, 1952, 0, 0
614, 0, 52, 369, 342, 111, 7.96%, 0, 0, 3, 52.36, 33003, 1953, 0, 0
619, 0, 52, 369, 342, 111, 7.96%, 0, 0, 3, 52.50, 33277, 1953, 0, 0
624, 0, 52, 369, 342, 111, 7.96%, 0, 0, 3, 52.49, 33540, 1953, 0, 0
629, 0, 52, 369, 342, 111, 7.96%, 0, 0, 3, 52.56, 33804, 1953, 0, 0
634, 0, 52, 369, 342, 111, 7.96%, 0, 0, 3, 52.63, 34068, 1953, 0, 0
639, 0, 52, 369, 342, 111, 7.96%, 0, 0, 3, 52.98, 34343, 1953, 0, 0
644, 0, 52, 369, 342, 111, 7.96%, 0, 0, 3, 52.94, 34618, 1953, 0, 0
649, 0, 52, 370, 343, 111, 7.96%, 0, 0, 3, 52.57, 34888, 1953, 0, 0
654, 0, 52, 370, 343, 111, 7.96%, 0, 0, 3, 52.57, 35152, 1953, 0, 0
660, 0, 52, 371, 344, 111, 7.96%, 0, 0, 3, 52.63, 35418, 1953, 0, 0
665, 0, 52, 372, 345, 111, 7.96%, 0, 0, 3, 52.34, 35683, 1954, 0, 0
670, 0, 52, 372, 345, 111, 7.96%, 0, 0, 3, 52.78, 35958, 1954, 0, 0
675, 0, 52, 373, 346, 111, 7.96%, 0, 0, 3, 52.56, 36221, 1954, 0, 0
680, 0, 52, 373, 346, 111, 7.96%, 0, 0, 3, 52.72, 36495, 1954, 0, 0
685, 0, 52, 374, 347, 111, 7.96%, 0, 0, 3, 52.35, 36758, 1954, 0, 0
690, 0, 52, 374, 347, 111, 7.96%, 0, 0, 3, 52.62, 37033, 1954, 0, 0
695, 0, 52, 374, 347, 111, 7.96%, 0, 0, 3, 51.97, 37294, 1954, 0, 0
700, 0, 52, 375, 348, 111, 7.96%, 0, 0, 3, 52.80, 37564, 1955, 0, 0
705, 0, 52, 375, 348, 111, 7.96%, 0, 0, 3, 52.71, 37828, 1955, 0, 0
710, 0, 52, 375, 348, 111, 7.96%, 0, 0, 3, 52.33, 38090, 1955, 0, 0
716, 0, 52, 375, 348, 111, 7.96%, 0, 0, 3, 53.42, 38366, 1955, 0, 0
721, 0, 52, 375, 348, 111, 7.96%, 0, 0, 3, 53.34, 38640, 1955, 0, 0
726, 0, 52, 375, 348, 111, 7.96%, 0, 0, 3, 52.98, 38915, 1955, 0, 0
731, 0, 52, 375, 348, 111, 7.96%, 0, 0, 3, 53.06, 39188, 1955, 0, 0
736, 0, 52, 375, 348, 111, 7.96%, 0, 0, 3, 53.58, 39463, 1955, 0, 0
741, 0, 52, 376, 349, 111, 7.96%, 0, 0, 3, 53.61, 39739, 1955, 0, 0
746, 0, 52, 376, 349, 111, 7.96%, 0, 0, 3, 53.22, 40014, 1955, 0, 0
752, 0, 52, 377, 350, 111, 7.97%, 0, 0, 3, 53.33, 40289, 1956, 0, 0
757, 0, 52, 377, 350, 111, 7.97%, 0, 0, 3, 52.31, 40560, 1956, 0, 0
762, 0, 52, 377, 350, 111, 7.97%, 0, 0, 3, 53.19, 40834, 1956, 0, 0
767, 0, 52, 377, 350, 111, 7.97%, 0, 0, 3, 53.01, 41109, 1956, 0, 0
772, 0, 52, 378, 351, 111, 7.97%, 0, 0, 3, 53.06, 41378, 1956, 0, 0
777, 0, 52, 378, 351, 111, 7.97%, 0, 0, 3, 53.10, 41653, 1956, 0, 0
782, 0, 52, 378, 351, 111, 7.97%, 0, 0, 3, 53.73, 41929, 1956, 0, 0
788, 0, 52, 379, 352, 111, 7.97%, 0, 0, 3, 53.54, 42204, 1957, 0, 0
793, 0, 52, 379, 352, 111, 7.97%, 0, 0, 3, 53.38, 42479, 1957, 0, 0
798, 0, 52, 380, 353, 111, 7.97%, 0, 0, 3, 53.35, 42754, 1957, 0, 0
803, 0, 52, 381, 354, 111, 7.98%, 0, 0, 3, 53.98, 43036, 1959, 0, 0
808, 0, 52, 381, 354, 111, 7.98%, 0, 0, 3, 53.30, 43310, 1959, 0, 0
813, 0, 52, 381, 354, 111, 7.98%, 0, 0, 3, 53.05, 43583, 1959, 0, 0
818, 0, 52, 383, 356, 111, 7.99%, 0, 0, 3, 53.41, 43853, 1961, 0, 0
824, 0, 52, 383, 356, 111, 7.99%, 0, 0, 3, 54.06, 44132, 1961, 0, 0
829, 0, 52, 383, 356, 111, 7.99%, 0, 0, 3, 53.85, 44410, 1961, 0, 0
834, 0, 52, 383, 356, 111, 7.99%, 0, 0, 3, 53.02, 44674, 1961, 0, 0
839, 0, 52, 383, 356, 111, 7.99%, 0, 0, 3, 52.90, 44938, 1961, 0, 0
844, 0, 52, 383, 356, 111, 7.99%, 0, 0, 3, 52.88, 45213, 1961, 0, 0
849, 0, 52, 383, 356, 111, 7.99%, 0, 0, 3, 52.97, 45488, 1961, 0, 0
854, 0, 52, 383, 356, 111, 7.99%, 0, 0, 3, 52.70, 45752, 1961, 0, 0
859, 0, 52, 383, 356, 111, 7.99%, 0, 0, 3, 52.85, 46027, 1961, 0, 0
865, 0, 52, 383, 356, 111, 7.99%, 0, 0, 3, 52.99, 46302, 1961, 0, 0
870, 0, 52, 384, 357, 111, 7.99%, 0, 0, 3, 52.98, 46576, 1961, 0, 0
875, 0, 52, 384, 357, 111, 7.99%, 0, 0, 3, 53.69, 46851, 1961, 0, 0
880, 0, 52, 384, 357, 111, 7.99%, 0, 0, 3, 53.82, 47128, 1961, 0, 0
885, 0, 52, 384, 357, 111, 7.99%, 0, 0, 3, 53.86, 47404, 1961, 0, 0
890, 0, 52, 384, 357, 111, 7.99%, 0, 0, 3, 53.78, 47681, 1961, 0, 0
895, 0, 52, 384, 357, 111, 7.99%, 0, 0, 3, 53.90, 47957, 1961, 0, 0
901, 0, 52, 384, 357, 111, 7.99%, 0, 0, 3, 53.61, 48232, 1961, 0, 0
906, 0, 52, 384, 357, 111, 7.99%, 0, 0, 3, 53.85, 48508, 1961, 0, 0
911, 0, 52, 385, 358, 111, 7.99%, 0, 0, 3, 53.40, 48775, 1961, 0, 0
916, 0, 52, 385, 358, 111, 7.99%, 0, 0, 3, 53.58, 49050, 1961, 0, 0
921, 0, 52, 385, 358, 111, 7.99%, 0, 0, 3, 53.54, 49325, 1961, 0, 0
926, 0, 52, 385, 358, 111, 7.99%, 0, 0, 3, 53.50, 49600, 1961, 0, 0
931, 0, 52, 385, 358, 111, 7.99%, 0, 0, 3, 53.72, 49876, 1961, 0, 0
936, 0, 52, 385, 358, 111, 7.99%, 0, 0, 3, 53.67, 50151, 1961, 0, 0
942, 0, 52, 385, 358, 111, 7.99%, 0, 0, 3, 53.36, 50426, 1961, 0, 0
947, 0, 52, 387, 360, 111, 7.99%, 0, 0, 3, 53.26, 50699, 1961, 0, 0
952, 0, 52, 388, 361, 111, 7.99%, 0, 0, 3, 53.44, 50974, 1961, 0, 0
957, 0, 52, 388, 361, 111, 7.99%, 0, 0, 3, 53.20, 51249, 1961, 0, 0
962, 0, 84, 389, 360, 121, 7.99%, 0, 0, 3, 53.31, 51525, 1962, 0, 0
967, 0, 84, 393, 364, 121, 8.06%, 0, 0, 3, 51.64, 51787, 1979, 0, 0
973, 0, 70, 398, 368, 122, 8.06%, 0, 0, 3, 52.72, 52061, 1979, 0, 0
978, 0, 217, 398, 367, 121, 8.06%, 0, 0, 3, 53.25, 52337, 1979, 0, 0
984, 0, 83, 401, 369, 121, 8.07%, 0, 0, 3, 53.03, 52636, 1980, 0, 0
989, 0, 83, 401, 369, 121, 8.07%, 0, 0, 3, 52.72, 52897, 1980, 0, 0
994, 0, 83, 401, 369, 121, 8.07%, 0, 0, 3, 52.73, 53172, 1980, 0, 0
999, 0, 83, 402, 370, 121, 8.07%, 0, 0, 3, 52.96, 53447, 1980, 0, 0
1004, 0, 83, 403, 371, 121, 8.09%, 0, 0, 3, 53.06, 53717, 1985, 0, 0
1009, 0, 83, 407, 375, 121, 8.10%, 0, 0, 3, 53.29, 53992, 1988, 0, 0
1014, 0, 83, 407, 375, 121, 8.10%, 0, 0, 3, 53.20, 54267, 1988, 0, 0
1020, 0, 83, 407, 375, 121, 8.10%, 0, 0, 3, 53.26, 54542, 1988, 0, 0
1025, 0, 83, 407, 375, 121, 8.10%, 0, 0, 3, 53.78, 54819, 1988, 0, 0
1030, 0, 83, 407, 375, 121, 8.10%, 0, 0, 3, 53.89, 55099, 1988, 0, 0
1035, 0, 83, 408, 376, 121, 8.10%, 0, 0, 3, 53.51, 55375, 1988, 0, 0
1040, 0, 83, 409, 377, 121, 8.10%, 0, 0, 3, 53.66, 55644, 1988, 0, 0
1045, 0, 83, 409, 377, 121, 8.10%, 0, 0, 3, 53.18, 55921, 1988, 0, 0
1050, 0, 83, 409, 377, 121, 8.10%, 0, 0, 3, 53.61, 56200, 1988, 0, 0
1056, 0, 83, 409, 377, 121, 8.10%, 0, 0, 3, 53.74, 56475, 1988, 0, 0
1061, 0, 83, 410, 378, 121, 8.10%, 0, 0, 3, 53.56, 56747, 1989, 0, 0
1066, 0, 83, 410, 378, 121, 8.10%, 0, 0, 3, 53.83, 57023, 1989, 0, 0
1071, 0, 83, 410, 378, 121, 8.10%, 0, 0, 3, 53.68, 57298, 1989, 0, 0
1076, 0, 83, 410, 378, 121, 8.10%, 0, 0, 3, 53.73, 57575, 1989, 0, 0
1081, 0, 83, 410, 378, 121, 8.10%, 0, 0, 3, 53.47, 57852, 1989, 0, 0
1086, 0, 83, 411, 379, 121, 8.11%, 0, 0, 3, 53.71, 58130, 1990, 0, 0
1092, 0, 83, 411, 379, 121, 8.11%, 0, 0, 3, 53.76, 58406, 1990, 0, 0
1097, 0, 83, 411, 379, 121, 8.11%, 0, 0, 3, 53.45, 58681, 1990, 0, 0
1102, 0, 83, 411, 379, 121, 8.11%, 0, 0, 3, 53.18, 58955, 1990, 0, 0
1107, 0, 83, 412, 380, 121, 8.11%, 0, 0, 3, 52.72, 59224, 1990, 0, 0
1112, 0, 83, 412, 380, 121, 8.11%, 0, 0, 3, 52.64, 59498, 1990, 0, 0
1117, 0, 87, 413, 380, 123, 8.11%, 0, 0, 3, 53.50, 59777, 1990, 0, 0
1122, 0, 87, 413, 380, 123, 8.11%, 0, 0, 3, 54.28, 60043, 1990, 0, 0
1128, 0, 87, 413, 380, 123, 8.11%, 0, 0, 3, 54.51, 60321, 1990, 0, 0
1133, 0, 87, 413, 380, 123, 8.11%, 0, 0, 3, 54.54, 60601, 1990, 0, 0
1138, 0, 87, 413, 380, 123, 8.11%, 0, 0, 3, 54.53, 60877, 1990, 0, 0
1143, 0, 87, 417, 384, 123, 8.11%, 0, 0, 3, 52.81, 61151, 1991, 0, 0
1148, 0, 87, 420, 387, 123, 8.12%, 0, 0, 3, 51.63, 61409, 1993, 0, 0
1153, 0, 87, 422, 389, 123, 8.14%, 0, 0, 3, 51.91, 61680, 1997, 0, 0
1158, 0, 87, 423, 390, 123, 8.14%, 0, 0, 3, 52.06, 61942, 1999, 0, 0
1163, 0, 87, 424, 391, 123, 8.16%, 0, 0, 3, 52.03, 62209, 2003, 0, 0
1169, 0, 87, 425, 392, 123, 8.16%, 0, 0, 3, 52.19, 62481, 2003, 0, 0
1174, 0, 87, 427, 394, 123, 8.16%, 0, 0, 3, 52.17, 62747, 2003, 0, 0
1179, 0, 87, 427, 394, 123, 8.16%, 0, 0, 3, 51.96, 63016, 2003, 0, 0
1184, 0, 87, 430, 397, 123, 8.16%, 0, 0, 3, 51.66, 63283, 2003, 0, 0
1189, 0, 87, 431, 398, 123, 8.16%, 0, 0, 3, 51.88, 63547, 2003, 0, 0
1194, 0, 87, 433, 400, 123, 8.16%, 0, 0, 3, 51.41, 63810, 2003, 0, 0
1199, 0, 87, 434, 401, 123, 8.16%, 0, 0, 3, 52.63, 64076, 2003, 0, 0
1204, 0, 87, 435, 402, 123, 8.16%, 0, 0, 3, 52.59, 64346, 2003, 0, 0
1210, 0, 87, 436, 403, 123, 8.16%, 0, 0, 3, 52.76, 64616, 2003, 0, 0
1215, 0, 87, 436, 403, 123, 8.16%, 0, 0, 3, 52.11, 64878, 2003, 0, 0
1220, 0, 87, 436, 403, 123, 8.16%, 0, 0, 3, 52.47, 65152, 2003, 0, 0
1225, 0, 87, 437, 404, 123, 8.16%, 0, 0, 3, 52.30, 65424, 2003, 0, 0
1230, 0, 87, 439, 406, 123, 8.17%, 0, 0, 3, 52.18, 65685, 2006, 0, 0
1235, 0, 87, 440, 407, 123, 8.17%, 0, 0, 3, 52.17, 65949, 2006, 0, 0
1240, 0, 87, 441, 408, 123, 8.17%, 0, 0, 3, 52.84, 66220, 2006, 0, 0
1245, 0, 87, 441, 408, 123, 8.17%, 0, 0, 3, 53.03, 66485, 2006, 0, 0
1250, 0, 87, 443, 410, 123, 8.17%, 0, 0, 3, 52.60, 66752, 2006, 0, 0
1255, 0, 87, 443, 410, 123, 8.17%, 0, 0, 3, 52.73, 67017, 2006, 0, 0
1260, 0, 87, 443, 410, 123, 8.17%, 0, 0, 3, 52.54, 67280, 2006, 0, 0
1266, 0, 87, 447, 413, 122, 8.18%, 0, 0, 3, 52.92, 67557, 2008, 0, 0
1271, 0, 87, 466, 432, 122, 8.27%, 0, 0, 3, 54.41, 67834, 2029, 0, 0
1276, 0, 87, 500, 466, 122, 8.36%, 0, 0, 3, 54.90, 68126, 2052, 0, 0
1281, 0, 87, 534, 500, 122, 8.45%, 0, 0, 3, 54.93, 68411, 2074, 0, 0
1287, 0, 88, 554, 520, 160, 8.51%, 0, 0, 3, 54.77, 68712, 2090, 0, 0
1292, 0, 88, 554, 520, 160, 8.51%, 0, 0, 3, 53.47, 68982, 2090, 0, 0
1297, 0, 205, 554, 519, 159, 8.51%, 0, 0, 3, 53.28, 69254, 2090, 0, 0
1302, 0, 93, 555, 519, 158, 8.51%, 0, 0, 3, 54.51, 69523, 2090, 0, 0
1307, 0, 96, 555, 518, 157, 8.51%, 0, 0, 3, 54.86, 69799, 2090, 0, 0
1312, 0, 464, 555, 516, 155, 8.51%, 0, 0, 3, 54.57, 70077, 2090, 0, 0
1318, 0, 102, 556, 516, 155, 8.52%, 0, 0, 3, 53.88, 70368, 2091, 0, 0
1323, 0, 148, 556, 515, 154, 8.52%, 0, 0, 3, 54.48, 70643, 2091, 0, 0
1328, 0, 134, 556, 514, 153, 8.52%, 0, 0, 3, 54.90, 70927, 2091, 0, 0
1334, 0, 106, 556, 513, 152, 8.52%, 0, 0, 3, 54.32, 71216, 2091, 0, 0
1339, 0, 106, 558, 515, 152, 8.52%, 0, 0, 3, 54.64, 71490, 2091, 0, 0
1344, 0, 415, 558, 514, 151, 8.52%, 0, 0, 3, 54.59, 71771, 2091, 0, 0
1349, 0, 415, 558, 514, 151, 8.52%, 0, 0, 3, 54.06, 72035, 2091, 0, 0
1354, 0, 415, 559, 515, 151, 8.52%, 0, 0, 3, 54.39, 72309, 2091, 0, 0
1360, 0, 107, 560, 514, 150, 8.53%, 0, 0, 3, 53.67, 72610, 2093, 0, 0
1365, 0, 107, 561, 515, 150, 8.54%, 0, 0, 3, 54.93, 72880, 2095, 0, 0
1370, 0, 112, 562, 515, 150, 8.54%, 0, 0, 3, 53.55, 73158, 2095, 0, 0
1375, 0, 112, 565, 518, 150, 8.54%, 0, 0, 3, 55.08, 73445, 2097, 0, 0
1380, 0, 112, 565, 518, 150, 8.54%, 0, 0, 3, 55.06, 73725, 2097, 0, 0
1386, 0, 117, 565, 517, 151, 8.54%, 0, 0, 3, 53.57, 74031, 2097, 0, 0
1391, 0, 330, 565, 516, 150, 8.54%, 0, 0, 3, 52.58, 74310, 2097, 0, 0
1396, 0, 121, 567, 517, 150, 8.55%, 0, 0, 3, 51.94, 74556, 2098, 0, 0
1401, 0, 286, 567, 516, 149, 8.55%, 0, 0, 3, 51.06, 74812, 2098, 0, 0
1406, 0, 548, 567, 515, 148, 8.55%, 0, 0, 3, 50.19, 75066, 2098, 0, 0
1412, 0, 122, 569, 516, 147, 8.55%, 0, 0, 3, 51.56, 75326, 2098, 0, 0
1417, 0, 122, 570, 517, 147, 8.55%, 0, 0, 3, 53.03, 75604, 2098, 0, 0
1422, 0, 122, 570, 517, 147, 8.55%, 0, 0, 3, 53.54, 75878, 2098, 0, 0
1427, 0, 123, 570, 516, 146, 8.55%, 0, 0, 3, 52.31, 76141, 2098, 0, 0
1432, 0, 124, 570, 515, 145, 8.55%, 0, 0, 3, 51.97, 76404, 2098, 0, 0
1437, 0, 559, 570, 514, 144, 8.55%, 0, 0, 3, 53.60, 76684, 2098, 0, 0
1442, 0, 206, 570, 513, 143, 8.55%, 0, 0, 3, 51.57, 76933, 2098, 0, 0
1448, 0, 237, 570, 511, 141, 8.55%, 0, 0, 3, 51.57, 77227, 2098, 0, 0
1453, 0, 446, 571, 511, 140, 8.55%, 0, 0, 3, 51.50, 77476, 2098, 0, 0
1458, 0, 125, 572, 511, 140, 8.56%, 0, 0, 3, 53.35, 77743, 2100, 0, 0
1463, 0, 450, 572, 510, 139, 8.56%, 0, 0, 3, 51.79, 78022, 2100, 0, 0
1468, 0, 414, 572, 509, 138, 8.56%, 0, 0, 3, 53.10, 78293, 2100, 0, 0
1473, 0, 414, 572, 509, 138, 8.56%, 0, 0, 3, 53.29, 78560, 2100, 0, 0
1478, 0, 414, 572, 509, 138, 8.56%, 0, 0, 3, 54.05, 78835, 2100, 0, 0
1483, 0, 414, 572, 509, 138, 8.56%, 0, 0, 3, 54.26, 79110, 2100, 0, 0
1489, 0, 414, 572, 509, 138, 8.56%, 0, 0, 3, 54.29, 79385, 2100, 0, 0
1494, 0, 414, 572, 509, 138, 8.56%, 0, 0, 3, 54.16, 79660, 2100, 0, 0
1499, 0, 405, 573, 508, 136, 8.56%, 0, 0, 3, 53.37, 79936, 2100, 0, 0
1504, 0, 405, 573, 508, 136, 8.56%, 0, 0, 3, 54.02, 80210, 2100, 0, 0
1509, 0, 127, 573, 507, 135, 8.56%, 0, 0, 3, 53.69, 80487, 2100, 0, 0
1515, 0, 565, 575, 508, 134, 8.56%, 0, 0, 3, 53.62, 80777, 2100, 0, 0
1520, 0, 128, 576, 508, 133, 8.56%, 0, 0, 4, 4.72, 81034, 2101, 0, 0
1526, 0, 457, 576, 507, 132, 8.56%, 0, 0, 4, 54.27, 81372, 2101, 0, 0
1531, 0, 507, 576, 506, 131, 8.56%, 0, 0, 4, 51.98, 81630, 2101, 0, 0
1536, 0, 409, 577, 506, 130, 8.59%, 0, 0, 4, 51.08, 81888, 2108, 0, 0
1541, 0, 409, 577, 506, 130, 8.59%, 0, 0, 4, 52.61, 82163, 2108, 0, 0
1547, 0, 131, 578, 506, 130, 8.59%, 0, 0, 4, 53.57, 82428, 2108, 0, 0
1552, 0, 137, 578, 505, 129, 8.59%, 0, 0, 4, 52.80, 82690, 2108, 0, 0
1557, 0, 137, 579, 506, 129, 8.64%, 0, 0, 4, 54.10, 82972, 2120, 0, 0
1562, 0, 138, 579, 505, 129, 8.64%, 0, 0, 4, 53.42, 83236, 2120, 0, 0
1567, 0, 138, 580, 506, 129, 8.64%, 0, 0, 4, 54.19, 83511, 2120, 0, 0
1572, 0, 144, 581, 506, 128, 8.64%, 0, 0, 4, 53.44, 83787, 2120, 0, 0
1577, 0, 343, 581, 505, 127, 8.64%, 0, 0, 4, 52.69, 84053, 2120, 0, 0
1582, 0, 343, 582, 506, 127, 8.64%, 0, 0, 4, 54.05, 84326, 2120, 0, 0
1588, 0, 228, 582, 504, 125, 8.64%, 0, 0, 4, 53.23, 84652, 2120, 0, 0
1593, 0, 151, 582, 503, 124, 8.64%, 0, 0, 4, 51.47, 84909, 2120, 0, 0
1598, 0, 233, 582, 502, 123, 8.64%, 0, 0, 4, 54.27, 85194, 2120, 0, 0
1604, 0, 374, 582, 501, 122, 8.64%, 0, 0, 4, 53.91, 85498, 2120, 0, 0
1609, 0, 555, 582, 500, 121, 8.64%, 0, 0, 4, 55.02, 85780, 2120, 0, 0
1615, 0, 563, 583, 500, 120, 8.64%, 0, 0, 4, 52.21, 86039, 2121, 0, 0
1620, 0, 371, 585, 500, 119, 8.64%, 0, 0, 4, 52.85, 86311, 2121, 0, 0
1625, 0, 371, 586, 501, 119, 8.64%, 0, 0, 4, 52.30, 86575, 2121, 0, 0
1630, 0, 582, 588, 501, 117, 8.65%, 0, 0, 4, 52.05, 86834, 2122, 0, 0
1635, 0, 160, 589, 501, 117, 8.65%, 0, 0, 4, 52.30, 87104, 2122, 0, 0
1641, 0, 525, 590, 500, 115, 8.65%, 0, 0, 4, 54.00, 87434, 2122, 0, 0
1646, 0, 324, 591, 500, 114, 8.65%, 0, 0, 4, 52.39, 87693, 2124, 0, 0
1651, 0, 172, 592, 500, 114, 8.65%, 0, 0, 4, 52.03, 87963, 2124, 0, 0
1656, 0, 176, 593, 500, 113, 8.65%, 0, 0, 4, 52.57, 88233, 2124, 0, 0
1662, 0, 179, 593, 498, 111, 8.65%, 0, 0, 4, 55.56, 88498, 2124, 0, 0
1667, 0, 332, 593, 496, 109, 8.65%, 0, 0, 4, 52.38, 88755, 2124, 0, 0
1672, 0, 309, 593, 495, 108, 8.65%, 0, 0, 4, 55.57, 89024, 2124, 0, 0
1677, 0, 184, 593, 493, 106, 8.65%, 0, 0, 4, 53.59, 89300, 2124, 0, 0
1682, 0, 192, 593, 492, 105, 8.65%, 0, 0, 4, 54.26, 89567, 2124, 0, 0
1687, 0, 196, 594, 492, 105, 8.65%, 0, 0, 4, 52.04, 89821, 2124, 0, 0
1692, 0, 196, 594, 492, 105, 8.65%, 0, 0, 4, 54.44, 90097, 2124, 0, 0
1697, 0, 438, 596, 493, 104, 8.68%, 0, 0, 4, 54.44, 90378, 2131, 0, 0
1702, 0, 438, 596, 493, 104, 8.68%, 0, 0, 4, 53.72, 90650, 2131, 0, 0
1707, 0, 438, 596, 493, 104, 8.68%, 0, 0, 4, 53.89, 90927, 2131, 0, 0
1712, 0, 199, 596, 492, 104, 8.68%, 0, 0, 4, 52.02, 91188, 2131, 0, 0
1718, 0, 524, 596, 490, 102, 8.68%, 0, 0, 4, 52.36, 91458, 2131, 0, 0
1723, 0, 571, 596, 489, 101, 8.68%, 0, 0, 4, 53.00, 91747, 2131, 0, 0
1728, 0, 491, 597, 489, 100, 8.68%, 0, 0, 4, 51.84, 92002, 2131, 0, 0
1735, 0, 532, 597, 487, 98, 8.68%, 0, 0, 4, 52.51, 92376, 2131, 0, 0
1740, 0, 207, 598, 487, 97, 8.68%, 0, 0, 4, 54.79, 92631, 2131, 0, 0
1745, 0, 230, 600, 487, 95, 8.68%, 0, 0, 4, 53.67, 92905, 2131, 0, 0
1750, 0, 235, 600, 486, 94, 8.68%, 0, 0, 4, 53.22, 93187, 2131, 0, 0
1755, 0, 314, 600, 485, 93, 8.68%, 0, 0, 4, 51.88, 93443, 2131, 0, 0
1761, 0, 541, 600, 484, 92, 8.68%, 0, 0, 4, 53.66, 93710, 2131, 0, 0
1766, 0, 476, 602, 485, 91, 8.68%, 0, 0, 4, 53.74, 93985, 2131, 0, 0
1771, 0, 302, 603, 484, 90, 8.68%, 0, 0, 4, 51.51, 94247, 2131, 0, 0
1776, 0, 274, 603, 482, 88, 8.68%, 0, 0, 4, 52.19, 94517, 2131, 0, 0
1782, 0, 587, 604, 482, 87, 8.68%, 0, 0, 4, 53.86, 94815, 2131, 0, 0
1787, 0, 384, 605, 482, 86, 8.68%, 0, 0, 4, 54.09, 95080, 2131, 0, 0
1792, 0, 251, 606, 482, 86, 8.68%, 0, 0, 4, 53.48, 95347, 2131, 0, 0
1797, 0, 254, 608, 483, 85, 8.69%, 0, 0, 4, 51.85, 95603, 2132, 0, 0
1802, 0, 260, 609, 483, 86, 8.69%, 0, 0, 4, 52.57, 95873, 2133, 0, 0
1808, 0, 318, 610, 482, 84, 8.69%, 0, 0, 4, 52.81, 96177, 2133, 0, 0
1813, 0, 443, 610, 481, 84, 8.69%, 0, 0, 4, 52.69, 96441, 2133, 0, 0
1818, 0, 262, 611, 481, 82, 8.71%, 0, 0, 4, 50.98, 96695, 2138, 0, 0
1823, 0, 279, 612, 480, 80, 8.71%, 0, 0, 4, 49.15, 96958, 2138, 0, 0
1828, 0, 448, 613, 480, 79, 8.71%, 0, 0, 4, 52.22, 97235, 2138, 0, 0
1833, 0, 298, 613, 479, 78, 8.71%, 0, 0, 4, 51.87, 97493, 2138, 0, 0
1838, 0, 303, 614, 478, 77, 8.71%, 0, 0, 5, 53.08, 97766, 2139, 0, 0
1844, 0, 463, 614, 477, 76, 8.71%, 0, 0, 5, 51.25, 98026, 2139, 0, 0
1850, 0, 576, 615, 476, 74, 8.71%, 0, 0, 5, 53.89, 98361, 2139, 0, 0
1855, 0, 306, 616, 476, 74, 8.72%, 0, 0, 5, 53.07, 98624, 2140, 0, 0
1860, 0, 608, 616, 475, 73, 8.72%, 0, 0, 5, 53.96, 98889, 2140, 0, 0
1865, 0, 454, 616, 474, 72, 8.72%, 0, 0, 5, 52.31, 99155, 2140, 0, 0
1870, 0, 312, 618, 474, 70, 8.72%, 0, 0, 5, 52.18, 99425, 2140, 0, 0
1876, 0, 320, 618, 473, 69, 8.72%, 0, 0, 5, 52.48, 99694, 2140, 0, 0
1881, 0, 345, 618, 472, 68, 8.72%, 0, 0, 5, 52.29, 99979, 2140, 0, 0
1886, 0, 323, 619, 472, 68, 8.72%, 0, 0, 5, 53.81, 100248, 2141, 0, 0
1891, 0, 493, 619, 471, 67, 8.72%, 0, 0, 5, 52.17, 100515, 2141, 0, 0
1898, 0, 442, 619, 470, 66, 8.72%, 0, 0, 5, 52.46, 100857, 2141, 0, 0
1903, 0, 590, 619, 469, 65, 8.72%, 0, 0, 5, 52.24, 101117, 2141, 0, 0
1908, 0, 388, 621, 470, 64, 8.72%, 0, 0, 5, 53.49, 101384, 2141, 0, 0
1913, 0, 500, 623, 471, 63, 8.72%, 0, 0, 5, 52.19, 101641, 2141, 0, 0
1918, 0, 522, 623, 470, 62, 8.72%, 0, 0, 5, 53.19, 101914, 2141, 0, 0
1923, 0, 522, 623, 470, 62, 8.72%, 0, 0, 5, 53.51, 102189, 2141, 0, 0
1928, 0, 357, 623, 469, 61, 8.72%, 0, 0, 5, 51.77, 102444, 2141, 0, 0
1934, 0, 613, 623, 467, 59, 8.72%, 0, 0, 5, 51.66, 102702, 2141, 0, 0
1939, 0, 331, 624, 467, 59, 8.73%, 0, 0, 6, 53.49, 102974, 2142, 0, 0
1944, 0, 607, 624, 466, 58, 8.73%, 0, 0, 6, 53.80, 103240, 2142, 0, 0
1949, 0, 340, 625, 465, 57, 8.73%, 0, 0, 6, 52.06, 103490, 2143, 0, 0
1954, 0, 560, 625, 464, 56, 8.73%, 0, 0, 6, 51.76, 103749, 2143, 0, 0
1959, 0, 399, 625, 462, 54, 8.73%, 0, 0, 6, 52.19, 104020, 2143, 0, 0
1964, 0, 433, 626, 461, 52, 8.73%, 0, 0, 6, 51.84, 104278, 2143, 0, 0
1969, 0, 433, 627, 462, 52, 8.73%, 0, 0, 6, 52.76, 104544, 2143, 0, 0
1974, 0, 347, 627, 461, 51, 8.73%, 0, 0, 6, 50.71, 104797, 2143, 0, 0
1980, 0, 526, 627, 459, 49, 8.73%, 0, 0, 6, 51.97, 105109, 2143, 0, 0
1985, 0, 593, 628, 459, 48, 8.73%, 0, 0, 6, 52.75, 105377, 2143, 0, 0
1992, 0, 411, 628, 458, 47, 8.73%, 0, 0, 6, 50.20, 105690, 2143, 0, 0
1997, 0, 458, 628, 457, 46, 8.73%, 0, 0, 6, 47.42, 105933, 2143, 0, 0
2002, 0, 618, 629, 457, 45, 8.73%, 0, 0, 6, 49.76, 106194, 2143, 0, 0
2007, 0, 595, 629, 456, 44, 8.73%, 0, 0, 6, 52.36, 106461, 2143, 0, 0
2014, 0, 546, 629, 455, 43, 8.73%, 0, 0, 6, 53.59, 106819, 2143, 0, 0
2019, 0, 348, 629, 454, 42, 8.73%, 0, 0, 6, 52.74, 107079, 2143, 0, 0
2024, 0, 351, 629, 452, 41, 8.73%, 0, 0, 6, 53.98, 107352, 2143, 0, 0
2029, 0, 351, 631, 454, 41, 8.73%, 0, 0, 6, 53.90, 107625, 2143, 0, 0
2034, 0, 354, 631, 452, 40, 8.73%, 0, 0, 6, 49.52, 107880, 2143, 0, 0
2039, 0, 486, 631, 451, 39, 8.73%, 0, 0, 6, 50.41, 108133, 2143, 0, 0
2044, 0, 365, 631, 449, 36, 8.73%, 0, 0, 6, 48.44, 108365, 2143, 0, 0
2050, 0, 368, 632, 449, 35, 8.73%, 0, 0, 6, 49.05, 108573, 2143, 0, 0
2057, 0, 376, 632, 447, 33, 8.73%, 0, 0, 6, 53.73, 108943, 2143, 0, 0
2062, 0, 517, 632, 446, 32, 8.73%, 0, 0, 6, 51.51, 109204, 2143, 0, 0
2067, 0, 378, 632, 444, 30, 8.73%, 0, 0, 6, 51.16, 109454, 2143, 0, 0
2074, 0, 629, 632, 442, 28, 8.73%, 0, 0, 6, 52.23, 109812, 2143, 0, 0
2079, 0, 232, 633, 442, 27, 8.73%, 0, 0, 6, 52.67, 110090, 2143, 0, 0
2086, 0, 404, 633, 440, 26, 8.73%, 0, 0, 6, 51.75, 110415, 2143, 0, 0
2092, 0, 420, 633, 439, 25, 8.73%, 0, 0, 6, 49.09, 110707, 2143, 0, 0
2097, 0, 623, 633, 438, 24, 8.73%, 0, 0, 6, 48.90, 110984, 2143, 0, 0
2102, 0, 544, 633, 437, 23, 8.73%, 0, 0, 6, 52.04, 111255, 2143, 0, 0
2108, 0, 447, 634, 437, 23, 8.73%, 0, 0, 6, 4.76, 111513, 2144, 0, 0
2113, 0, 578, 634, 436, 22, 8.73%, 0, 0, 6, 54.89, 111779, 2144, 0, 0
2118, 0, 633, 634, 434, 20, 8.73%, 0, 0, 6, 54.83, 112058, 2144, 0, 0
2123, 0, 459, 635, 434, 19, 8.73%, 0, 0, 6, 51.49, 112326, 2144, 0, 0
2130, 0, 535, 636, 433, 17, 8.73%, 0, 0, 6, 53.28, 112680, 2144, 0, 0
2135, 0, 489, 637, 433, 16, 8.73%, 0, 0, 6, 52.35, 112951, 2144, 0, 0
2140, 0, 549, 638, 432, 14, 8.73%, 0, 0, 6, 54.29, 113223, 2144, 0, 0
2145, 0, 461, 638, 431, 13, 8.73%, 0, 0, 6, 51.74, 113485, 2144, 0, 0
2150, 0, 529, 638, 428, 11, 8.73%, 0, 0, 6, 53.47, 113759, 2144, 0, 0
2155, 0, 615, 640, 429, 10, 8.73%, 0, 0, 6, 53.34, 114022, 2144, 0, 0
2161, 0, 615, 641, 430, 10, 8.73%, 0, 0, 6, 52.34, 114282, 2144, 0, 0
2166, 0, 516, 643, 430, 8, 8.76%, 0, 0, 6, 52.58, 114539, 2150, 0, 0
2171, 0, 392, 645, 429, 7, 8.76%, 0, 0, 6, 52.55, 114795, 2150, 0, 0
2176, 0, 531, 646, 429, 7, 8.76%, 0, 0, 6, 53.94, 115075, 2150, 0, 0
2181, 0, 543, 649, 430, 7, 8.79%, 0, 0, 6, 54.24, 115334, 2158, 0, 0
2186, 0, 610, 649, 428, 5, 8.79%, 0, 0, 6, 53.34, 115593, 2158, 0, 0
2191, 0, 610, 649, 428, 5, 8.79%, 0, 0, 6, 52.02, 115856, 2158, 0, 0
2196, 0, 641, 649, 427, 4, 8.79%, 0, 0, 6, 53.99, 116124, 2158, 0, 0
2201, 0, 647, 650, 426, 3, 8.79%, 0, 0, 6, 53.57, 116397, 2158, 0, 0
2207, 0, 491, 653, 428, 2, 8.80%, 0, 0, 6, 54.23, 116672, 2160, 0, 0
2212, 0, 491, 654, 429, 2, 8.80%, 0, 0, 6, 55.20, 116953, 2161, 0, 0
2217, 0, 648, 654, 429, 5, 8.80%, 0, 0, 6, 55.54, 117235, 2161, 0, 0
2222, 0, 649, 655, 429, 5, 8.80%, 0, 0, 6, 52.91, 117501, 2161, 0, 0
2227, 0, 651, 656, 428, 4, 8.80%, 0, 0, 6, 53.72, 117783, 2161, 0, 0
2232, 0, 653, 657, 427, 2, 8.80%, 0, 0, 6, 52.39, 118039, 2161, 0, 0
2237, 0, 654, 659, 428, 1, 8.82%, 0, 0, 6, 53.96, 118317, 2165, 0, 0
2243, 0, 658, 662, 430, 1, 8.83%, 0, 0, 6, 53.21, 118599, 2168, 0, 0
2248, 0, 661, 666, 433, 4, 8.85%, 0, 0, 6, 53.86, 118872, 2172, 0, 0
2253, 0, 662, 666, 432, 4, 8.85%, 0, 0, 6, 52.82, 119126, 2172, 0, 0
2259, 0, 665, 667, 431, 2, 8.85%, 0, 0, 7, 52.88, 119437, 2172, 0, 0
2264, 0, 665, 669, 433, 2, 8.86%, 0, 0, 7, 53.54, 119713, 2174, 0, 0
2269, 0, 666, 671, 434, 3, 8.86%, 0, 0, 8, 53.33, 119981, 2174, 0, 0
2274, 0, 100, 673, 435, 2, 8.86%, 0, 0, 8, 54.85, 120266, 2174, 0, 0
2279, 0, 667, 673, 434, 2, 8.86%, 0, 0, 8, 60.78, 120551, 2174, 0, 0
