# relative_time, cycles_done, cur_item, corpus_count, pending_total, pending_favs, map_size, saved_crashes, saved_hangs, max_depth, execs_per_sec, total_execs, edges_found, total_crashes, servers_count
61, 0, 154, 329, 233, 50, 10.40%, 0, 0, 2, 36.94, 4064, 1512, 0, 0
67, 0, 154, 332, 236, 50, 10.43%, 0, 0, 2, 38.79, 4263, 1517, 0, 0
72, 0, 154, 337, 241, 50, 10.56%, 0, 0, 2, 38.72, 4462, 1536, 0, 0
77, 0, 154, 340, 244, 50, 10.61%, 0, 0, 2, 38.64, 4646, 1543, 0, 0
82, 0, 154, 341, 245, 50, 10.61%, 0, 0, 2, 36.89, 4813, 1543, 0, 0
87, 0, 154, 341, 245, 50, 10.61%, 0, 0, 2, 38.21, 5010, 1543, 0, 0
92, 0, 154, 342, 246, 50, 10.66%, 0, 0, 2, 39.46, 5216, 1551, 0, 0
97, 0, 154, 344, 248, 50, 10.67%, 0, 0, 2, 36.91, 5394, 1552, 0, 0
102, 0, 173, 351, 253, 92, 10.75%, 0, 0, 2, 39.09, 5612, 1563, 0, 0
108, 0, 173, 354, 256, 92, 10.77%, 0, 0, 2, 41.17, 5818, 1567, 0, 0
113, 0, 173, 354, 256, 92, 10.77%, 0, 0, 2, 42.76, 6034, 1567, 0, 0
118, 0, 173, 356, 258, 92, 10.80%, 0, 0, 2, 43.46, 6256, 1571, 0, 0
123, 0, 173, 357, 259, 92, 10.83%, 0, 0, 2, 43.12, 6472, 1575, 0, 0
128, 0, 173, 357, 259, 92, 10.83%, 0, 0, 2, 41.54, 6683, 1575, 0, 0
133, 0, 173, 357, 259, 92, 10.83%, 0, 0, 2, 36.18, 6862, 1575, 0, 0
138, 0, 173, 357, 259, 92, 10.83%, 0, 0, 2, 35.55, 7040, 1575, 0, 0
143, 0, 173, 359, 261, 92, 10.88%, 0, 0, 2, 35.70, 7218, 1582, 0, 0
148, 0, 173, 363, 265, 92, 10.95%, 0, 0, 2, 39.52, 7428, 1593, 0, 0
154, 0, 173, 365, 267, 92, 10.96%, 0, 0, 2, 39.05, 7629, 1594, 0, 0
159, 0, 173, 367, 269, 92, 10.97%, 0, 0, 2, 38.34, 7818, 1596, 0, 0
164, 0, 173, 369, 271, 92, 10.99%, 0, 0, 2, 35.67, 7981, 1598, 0, 0
169, 0, 173, 371, 273, 92, 11.03%, 0, 0, 2, 39.48, 8167, 1605, 0, 0
174, 0, 173, 372, 274, 92, 11.04%, 0, 0, 2, 37.63, 8327, 1606, 0, 0
179, 0, 173, 374, 276, 92, 11.06%, 0, 0, 2, 38.36, 8521, 1608, 0, 0
184, 0, 173, 374, 276, 92, 11.06%, 0, 0, 2, 38.83, 8721, 1608, 0, 0
189, 0, 173, 374, 276, 92, 11.06%, 0, 0, 2, 39.55, 8925, 1608, 0, 0
195, 0, 173, 376, 278, 92, 11.06%, 0, 0, 2, 36.87, 9102, 1608, 0, 0
200, 0, 173, 377, 279, 92, 11.06%, 0, 0, 2, 35.76, 9257, 1608, 0, 0
205, 0, 173, 378, 280, 92, 11.06%, 0, 0, 2, 37.94, 9441, 1609, 0, 0
210, 0, 173, 382, 284, 92, 11.12%, 0, 0, 2, 39.27, 9644, 1617, 0, 0
215, 0, 173, 385, 287, 92, 11.13%, 0, 0, 2, 39.12, 9847, 1619, 0, 0
220, 0, 173, 386, 288, 92, 11.14%, 0, 0, 2, 39.28, 10043, 1621, 0, 0
225, 0, 173, 389, 291, 92, 11.17%, 0, 0, 2, 39.59, 10245, 1624, 0, 0
230, 0, 173, 390, 292, 92, 11.17%, 0, 0, 2, 39.24, 10448, 1625, 0, 0
236, 0, 173, 392, 294, 92, 11.18%, 0, 0, 2, 37.64, 10635, 1626, 0, 0
241, 0, 173, 393, 295, 92, 11.19%, 0, 0, 2, 39.52, 10813, 1628, 0, 0
246, 0, 173, 395, 297, 92, 11.21%, 0, 0, 2, 39.60, 11016, 1630, 0, 0
251, 0, 173, 395, 297, 92, 11.21%, 0, 0, 2, 39.60, 11215, 1630, 0, 0
256, 0, 173, 397, 299, 92, 11.27%, 0, 0, 2, 40.32, 11420, 1639, 0, 0
261, 0, 173, 399, 301, 92, 11.30%, 0, 0, 2, 39.55, 11617, 1643, 0, 0
266, 0, 173, 400, 302, 92, 11.34%, 0, 0, 2, 38.74, 11813, 1649, 0, 0
271, 0, 173, 400, 302, 92, 11.34%, 0, 0, 2, 38.69, 12010, 1649, 0, 0
276, 0, 173, 401, 303, 92, 11.34%, 0, 0, 2, 39.66, 12216, 1650, 0, 0
281, 0, 173, 401, 303, 92, 11.34%, 0, 0, 2, 39.71, 12417, 1650, 0, 0
287, 0, 173, 402, 304, 92, 11.36%, 0, 0, 2, 39.76, 12622, 1652, 0, 0
292, 0, 173, 403, 305, 92, 11.36%, 0, 0, 2, 39.78, 12823, 1652, 0, 0
297, 0, 173, 405, 307, 92, 11.36%, 0, 0, 2, 39.38, 13022, 1652, 0, 0
302, 0, 173, 405, 307, 92, 11.36%, 0, 0, 2, 38.81, 13224, 1652, 0, 0
307, 0, 173, 405, 307, 92, 11.36%, 0, 0, 2, 39.45, 13426, 1652, 0, 0
312, 0, 173, 405, 307, 92, 11.36%, 0, 0, 2, 38.96, 13624, 1652, 0, 0
317, 0, 173, 405, 307, 92, 11.36%, 0, 0, 2, 39.13, 13825, 1652, 0, 0
322, 0, 173, 406, 308, 92, 11.37%, 0, 0, 2, 39.14, 14024, 1654, 0, 0
328, 0, 173, 407, 309, 92, 11.37%, 0, 0, 2, 39.32, 14226, 1654, 0, 0
333, 0, 173, 407, 309, 92, 11.37%, 0, 0, 2, 39.00, 14424, 1654, 0, 0
338, 0, 173, 407, 309, 92, 11.37%, 0, 0, 2, 37.85, 14603, 1654, 0, 0
343, 0, 173, 407, 309, 92, 11.37%, 0, 0, 2, 39.35, 14802, 1654, 0, 0
348, 0, 173, 407, 309, 92, 11.37%, 0, 0, 2, 40.38, 14991, 1654, 0, 0
353, 0, 173, 408, 310, 92, 11.38%, 0, 0, 2, 39.60, 15195, 1655, 0, 0
358, 0, 173, 408, 310, 92, 11.38%, 0, 0, 2, 39.74, 15396, 1655, 0, 0
363, 0, 173, 409, 311, 92, 11.38%, 0, 0, 2, 39.85, 15601, 1655, 0, 0
368, 0, 173, 409, 311, 92, 11.38%, 0, 0, 2, 38.32, 15799, 1655, 0, 0
374, 0, 173, 410, 312, 92, 11.39%, 0, 0, 2, 39.42, 16000, 1656, 0, 0
379, 0, 173, 411, 313, 92, 11.46%, 0, 0, 2, 39.89, 16206, 1667, 0, 0
384, 0, 173, 412, 314, 92, 11.46%, 0, 0, 2, 39.73, 16405, 1667, 0, 0
389, 0, 173, 413, 315, 92, 11.47%, 0, 0, 2, 39.60, 16607, 1668, 0, 0
394, 0, 173, 413, 315, 92, 11.47%, 0, 0, 2, 39.43, 16811, 1668, 0, 0
399, 0, 173, 413, 315, 92, 11.47%, 0, 0, 2, 38.90, 17008, 1668, 0, 0
404, 0, 173, 413, 315, 92, 11.47%, 0, 0, 2, 38.95, 17208, 1668, 0, 0
409, 0, 173, 414, 316, 92, 11.48%, 0, 0, 2, 39.54, 17415, 1670, 0, 0
414, 0, 173, 414, 316, 92, 11.48%, 0, 0, 2, 7.72, 17608, 1670, 0, 0
419, 0, 173, 414, 316, 92, 11.48%, 0, 0, 2, 31.76, 17799, 1670, 0, 0
424, 0, 159, 419, 319, 132, 11.53%, 0, 0, 2, 36.41, 18005, 1677, 0, 0
430, 0, 159, 421, 321, 132, 11.55%, 0, 0, 2, 40.75, 18208, 1680, 0, 0
435, 0, 159, 422, 322, 132, 11.56%, 0, 0, 2, 40.17, 18419, 1682, 0, 0
440, 0, 159, 422, 322, 132, 11.56%, 0, 0, 2, 36.99, 18603, 1682, 0, 0
445, 0, 165, 428, 326, 136, 11.62%, 0, 0, 2, 38.06, 18793, 1690, 0, 0
450, 0, 165, 441, 339, 136, 11.66%, 0, 0, 2, 40.32, 19001, 1696, 0, 0
455, 0, 165, 446, 344, 136, 11.71%, 0, 0, 2, 42.42, 19217, 1703, 0, 0
460, 0, 165, 451, 349, 136, 11.76%, 0, 0, 2, 42.60, 19431, 1710, 0, 0
465, 0, 165, 453, 351, 136, 11.76%, 0, 0, 2, 42.51, 19649, 1710, 0, 0
470, 0, 165, 453, 351, 136, 11.76%, 0, 0, 2, 36.28, 19829, 1710, 0, 0
475, 0, 165, 453, 351, 136, 11.76%, 0, 0, 2, 35.28, 20009, 1710, 0, 0
481, 0, 166, 463, 360, 146, 11.93%, 0, 0, 2, 38.95, 20214, 1735, 0, 0
486, 0, 166, 482, 379, 146, 12.29%, 0, 0, 2, 40.25, 20412, 1787, 0, 0
491, 0, 166, 492, 389, 146, 12.50%, 0, 0, 2, 41.53, 20627, 1818, 0, 0
496, 0, 166, 504, 401, 146, 12.63%, 0, 0, 2, 42.18, 20842, 1837, 0, 0
501, 0, 166, 510, 407, 146, 12.68%, 0, 0, 2, 42.18, 21057, 1845, 0, 0
506, 0, 166, 517, 414, 146, 12.68%, 0, 0, 2, 42.34, 21271, 1845, 0, 0
511, 0, 166, 523, 420, 146, 12.73%, 0, 0, 2, 42.34, 21483, 1851, 0, 0
516, 0, 166, 525, 422, 146, 12.75%, 0, 0, 2, 42.41, 21695, 1854, 0, 0
521, 0, 166, 531, 428, 146, 12.78%, 0, 0, 2, 42.67, 21914, 1859, 0, 0
526, 0, 166, 531, 428, 146, 12.78%, 0, 0, 2, 36.96, 22102, 1859, 0, 0
531, 0, 166, 531, 428, 146, 12.78%, 0, 0, 2, 35.06, 22279, 1859, 0, 0
536, 0, 166, 531, 428, 146, 12.78%, 0, 0, 2, 35.00, 22457, 1859, 0, 0
542, 0, 166, 532, 429, 146, 12.78%, 0, 0, 2, 35.31, 22639, 1859, 0, 0
547, 0, 166, 534, 431, 146, 12.79%, 0, 0, 2, 37.69, 22837, 1861, 0, 0
552, 0, 166, 536, 433, 146, 12.80%, 0, 0, 2, 38.18, 23033, 1862, 0, 0
557, 0, 166, 538, 435, 146, 12.80%, 0, 0, 2, 37.16, 23221, 1862, 0, 0
562, 0, 166, 543, 440, 146, 12.82%, 0, 0, 2, 37.32, 23400, 1865, 0, 0
567, 0, 166, 545, 442, 146, 12.82%, 0, 0, 2, 38.27, 23598, 1865, 0, 0
572, 0, 166, 546, 443, 146, 12.82%, 0, 0, 2, 36.67, 23773, 1865, 0, 0
577, 0, 166, 547, 444, 146, 12.82%, 0, 0, 2, 37.41, 23963, 1865, 0, 0
582, 0, 166, 548, 445, 146, 12.82%, 0, 0, 2, 38.53, 24159, 1865, 0, 0
588, 0, 166, 549, 446, 146, 12.82%, 0, 0, 2, 37.45, 24345, 1865, 0, 0
593, 0, 166, 550, 447, 146, 12.84%, 0, 0, 2, 38.13, 24542, 1868, 0, 0
598, 0, 166, 550, 447, 146, 12.84%, 0, 0, 2, 38.24, 24736, 1868, 0, 0
603, 0, 166, 553, 450, 146, 12.85%, 0, 0, 2, 38.34, 24933, 1869, 0, 0
608, 0, 166, 555, 452, 146, 12.86%, 0, 0, 2, 38.05, 25133, 1870, 0, 0
613, 0, 166, 555, 452, 146, 12.86%, 0, 0, 2, 38.17, 25329, 1870, 0, 0
618, 0, 166, 555, 452, 146, 12.86%, 0, 0, 2, 37.85, 25520, 1870, 0, 0
623, 0, 166, 557, 454, 146, 12.86%, 0, 0, 2, 38.10, 25718, 1871, 0, 0
628, 0, 166, 557, 454, 146, 12.86%, 0, 0, 2, 38.93, 25916, 1871, 0, 0
634, 0, 166, 557, 454, 146, 12.86%, 0, 0, 2, 39.01, 26115, 1871, 0, 0
639, 0, 166, 558, 455, 146, 12.86%, 0, 0, 2, 38.51, 26313, 1871, 0, 0
644, 0, 166, 559, 456, 146, 12.86%, 0, 0, 2, 38.66, 26509, 1871, 0, 0
649, 0, 166, 559, 456, 146, 12.86%, 0, 0, 2, 36.63, 26688, 1871, 0, 0
654, 0, 166, 560, 457, 146, 12.88%, 0, 0, 2, 37.62, 26883, 1873, 0, 0
659, 0, 166, 561, 458, 146, 12.88%, 0, 0, 2, 36.90, 27059, 1874, 0, 0
664, 0, 166, 561, 458, 146, 12.88%, 0, 0, 2, 38.56, 27257, 1874, 0, 0
669, 0, 166, 561, 458, 146, 12.88%, 0, 0, 2, 37.97, 27440, 1874, 0, 0
674, 0, 166, 562, 459, 146, 12.88%, 0, 0, 2, 38.68, 27638, 1874, 0, 0
679, 0, 166, 564, 461, 146, 12.90%, 0, 0, 2, 37.99, 27821, 1876, 0, 0
685, 0, 166, 564, 461, 146, 12.90%, 0, 0, 2, 38.39, 28018, 1876, 0, 0
690, 0, 166, 564, 461, 146, 12.90%, 0, 0, 2, 38.86, 28215, 1876, 0, 0
695, 0, 166, 564, 461, 146, 12.90%, 0, 0, 2, 38.17, 28406, 1876, 0, 0
700, 0, 166, 565, 462, 146, 12.90%, 0, 0, 2, 37.50, 28585, 1877, 0, 0
705, 0, 166, 565, 462, 146, 12.90%, 0, 0, 2, 38.82, 28789, 1877, 0, 0
710, 0, 166, 568, 465, 146, 12.93%, 0, 0, 2, 38.27, 28984, 1880, 0, 0
715, 0, 166, 569, 466, 146, 12.93%, 0, 0, 2, 37.74, 29175, 1880, 0, 0
720, 0, 166, 569, 466, 146, 12.93%, 0, 0, 2, 37.92, 29371, 1880, 0, 0
725, 0, 166, 570, 467, 146, 12.93%, 0, 0, 2, 37.35, 29558, 1880, 0, 0
730, 0, 166, 570, 467, 146, 12.93%, 0, 0, 2, 37.97, 29753, 1880, 0, 0
736, 0, 166, 571, 468, 146, 12.93%, 0, 0, 2, 38.21, 29939, 1880, 0, 0
741, 0, 166, 571, 468, 146, 12.93%, 0, 0, 2, 38.47, 30134, 1880, 0, 0
746, 0, 166, 572, 469, 146, 12.93%, 0, 0, 2, 37.10, 30330, 1881, 0, 0
751, 0, 166, 575, 472, 146, 12.94%, 0, 0, 2, 38.19, 30527, 1882, 0, 0
756, 0, 166, 575, 472, 146, 12.94%, 0, 0, 2, 38.22, 30722, 1882, 0, 0
761, 0, 166, 575, 472, 146, 12.94%, 0, 0, 2, 38.02, 30918, 1882, 0, 0
767, 0, 166, 576, 473, 146, 12.94%, 0, 0, 2, 38.59, 31106, 1882, 0, 0
772, 0, 166, 577, 474, 146, 12.95%, 0, 0, 2, 38.11, 31298, 1884, 0, 0
777, 0, 166, 577, 474, 146, 12.95%, 0, 0, 2, 36.96, 31483, 1884, 0, 0
782, 0, 166, 578, 475, 146, 12.95%, 0, 0, 2, 38.06, 31680, 1884, 0, 0
787, 0, 166, 578, 475, 146, 12.95%, 0, 0, 2, 37.65, 31873, 1884, 0, 0
792, 0, 166, 579, 476, 146, 12.96%, 0, 0, 2, 38.55, 32070, 1885, 0, 0
797, 0, 166, 579, 476, 146, 12.96%, 0, 0, 2, 37.58, 32253, 1885, 0, 0
802, 0, 166, 579, 476, 146, 12.96%, 0, 0, 2, 38.01, 32449, 1885, 0, 0
808, 0, 166, 580, 477, 146, 12.97%, 0, 0, 2, 38.34, 32649, 1886, 0, 0
813, 0, 166, 581, 478, 146, 12.97%, 0, 0, 2, 38.28, 32846, 1886, 0, 0
818, 0, 166, 583, 480, 146, 12.97%, 0, 0, 2, 38.64, 33047, 1887, 0, 0
823, 0, 167, 585, 481, 220, 12.99%, 0, 0, 2, 39.26, 33250, 1890, 0, 0
828, 0, 168, 590, 485, 220, 13.03%, 0, 0, 2, 40.22, 33464, 1895, 0, 0
833, 0, 169, 596, 490, 222, 13.15%, 0, 0, 2, 40.46, 33679, 1913, 0, 0
839, 0, 169, 599, 493, 222, 13.17%, 0, 0, 2, 37.25, 33867, 1916, 0, 0
844, 0, 169, 599, 493, 222, 13.17%, 0, 0, 2, 36.52, 34033, 1916, 0, 0
849, 0, 169, 604, 498, 222, 13.19%, 0, 0, 2, 37.95, 34227, 1919, 0, 0
854, 0, 169, 605, 499, 222, 13.19%, 0, 0, 2, 37.87, 34420, 1919, 0, 0
859, 0, 169, 606, 500, 222, 13.19%, 0, 0, 2, 38.75, 34618, 1919, 0, 0
864, 0, 169, 606, 500, 222, 13.19%, 0, 0, 2, 39.03, 34819, 1919, 0, 0
869, 0, 169, 606, 500, 222, 13.19%, 0, 0, 2, 38.75, 35016, 1919, 0, 0
874, 0, 169, 608, 502, 222, 13.26%, 0, 0, 2, 38.45, 35201, 1928, 0, 0
879, 0, 169, 608, 502, 222, 13.26%, 0, 0, 2, 39.04, 35401, 1928, 0, 0
884, 0, 169, 608, 502, 222, 13.26%, 0, 0, 2, 39.39, 35603, 1928, 0, 0
889, 0, 169, 609, 503, 222, 13.26%, 0, 0, 2, 38.88, 35798, 1929, 0, 0
895, 0, 169, 609, 503, 222, 13.26%, 0, 0, 2, 38.38, 35994, 1929, 0, 0
900, 0, 169, 610, 504, 222, 13.26%, 0, 0, 2, 39.16, 36197, 1929, 0, 0
905, 0, 598, 613, 505, 230, 13.26%, 0, 0, 2, 40.04, 36403, 1929, 0, 0
910, 0, 598, 613, 505, 230, 13.26%, 0, 0, 2, 40.72, 36587, 1929, 0, 0
916, 0, 171, 618, 508, 229, 13.28%, 0, 0, 3, 40.86, 36835, 1931, 0, 0
921, 0, 171, 624, 514, 229, 13.40%, 0, 0, 3, 40.73, 37051, 1949, 0, 0
926, 0, 171, 624, 514, 229, 13.40%, 0, 0, 3, 39.63, 37239, 1949, 0, 0
931, 0, 171, 625, 515, 229, 13.41%, 0, 0, 3, 40.47, 37444, 1950, 0, 0
936, 0, 171, 625, 515, 229, 13.41%, 0, 0, 3, 39.79, 37644, 1950, 0, 0
941, 0, 171, 626, 516, 229, 13.43%, 0, 0, 3, 40.42, 37849, 1953, 0, 0
947, 0, 171, 627, 517, 229, 13.44%, 0, 0, 3, 40.53, 38056, 1955, 0, 0
952, 0, 171, 627, 517, 229, 13.44%, 0, 0, 3, 39.86, 38257, 1955, 0, 0
957, 0, 171, 628, 518, 229, 13.45%, 0, 0, 3, 39.60, 38457, 1956, 0, 0
962, 0, 171, 629, 519, 229, 13.47%, 0, 0, 3, 40.06, 38659, 1959, 0, 0
967, 0, 171, 629, 519, 229, 13.47%, 0, 0, 3, 40.45, 38867, 1959, 0, 0
972, 0, 171, 629, 519, 229, 13.47%, 0, 0, 3, 40.49, 39073, 1959, 0, 0
977, 0, 171, 630, 520, 229, 13.50%, 0, 0, 3, 40.45, 39280, 1963, 0, 0
982, 0, 174, 630, 519, 237, 13.50%, 0, 0, 3, 40.69, 39488, 1963, 0, 0
988, 0, 177, 633, 521, 237, 13.52%, 0, 0, 3, 37.36, 39679, 1966, 0, 0
994, 0, 179, 636, 522, 237, 13.54%, 0, 0, 3, 37.29, 39902, 1969, 0, 0
999, 0, 452, 638, 522, 236, 13.54%, 0, 0, 3, 38.78, 40116, 1969, 0, 0
1005, 0, 373, 641, 523, 234, 13.54%, 0, 0, 3, 38.97, 40346, 1970, 0, 0
1010, 0, 597, 641, 522, 233, 13.54%, 0, 0, 3, 42.30, 40547, 1970, 0, 0
1015, 0, 288, 642, 522, 232, 13.54%, 0, 0, 3, 38.84, 40736, 1970, 0, 0
1020, 0, 391, 643, 520, 229, 13.54%, 0, 0, 3, 38.49, 40931, 1970, 0, 0
1026, 0, 218, 645, 521, 230, 13.58%, 0, 0, 3, 41.67, 41140, 1975, 0, 0
1031, 0, 395, 645, 519, 228, 13.58%, 0, 0, 3, 39.72, 41335, 1975, 0, 0
1036, 0, 622, 646, 518, 226, 13.58%, 0, 0, 3, 39.18, 41564, 1975, 0, 0
1041, 0, 247, 647, 517, 224, 13.58%, 0, 0, 3, 37.98, 41749, 1975, 0, 0
1047, 0, 247, 653, 523, 224, 13.63%, 0, 0, 3, 35.76, 41932, 1982, 0, 0
1052, 0, 247, 655, 525, 224, 13.67%, 0, 0, 3, 35.32, 42110, 1988, 0, 0
1057, 0, 247, 657, 527, 224, 13.68%, 0, 0, 3, 35.11, 42289, 1990, 0, 0
1062, 0, 247, 659, 529, 224, 13.70%, 0, 0, 3, 34.88, 42464, 1992, 0, 0
1067, 0, 247, 659, 529, 224, 13.70%, 0, 0, 3, 34.63, 42642, 1992, 0, 0
1072, 0, 247, 660, 530, 224, 13.70%, 0, 0, 3, 34.16, 42819, 1993, 0, 0
1077, 0, 247, 661, 531, 224, 13.70%, 0, 0, 3, 34.45, 42992, 1993, 0, 0
1082, 0, 247, 664, 534, 224, 13.73%, 0, 0, 3, 34.66, 43172, 1997, 0, 0
1088, 0, 247, 664, 534, 224, 13.73%, 0, 0, 3, 34.84, 43353, 1997, 0, 0
1093, 0, 247, 665, 535, 224, 13.75%, 0, 0, 3, 34.95, 43531, 2000, 0, 0
1098, 0, 247, 667, 537, 224, 13.76%, 0, 0, 3, 35.00, 43709, 2001, 0, 0
1103, 0, 247, 667, 537, 224, 13.76%, 0, 0, 3, 34.87, 43890, 2001, 0, 0
1108, 0, 247, 667, 537, 224, 13.76%, 0, 0, 3, 34.48, 44068, 2001, 0, 0
1113, 0, 247, 667, 537, 224, 13.76%, 0, 0, 3, 34.27, 44243, 2001, 0, 0
1118, 0, 247, 668, 538, 224, 13.76%, 0, 0, 3, 34.57, 44422, 2001, 0, 0
1123, 0, 389, 668, 536, 231, 13.76%, 0, 0, 3, 34.96, 44599, 2001, 0, 0
1129, 0, 352, 668, 534, 229, 13.76%, 0, 0, 3, 6.43, 44783, 2001, 0, 0
1134, 0, 489, 673, 538, 228, 13.80%, 0, 0, 3, 3.50, 44994, 2007, 0, 0
1140, 0, 254, 676, 538, 230, 13.83%, 0, 0, 3, 36.13, 45193, 2011, 0, 0
1145, 0, 520, 679, 540, 229, 13.84%, 0, 0, 3, 3.31, 45390, 2013, 0, 0
1150, 0, 604, 680, 538, 228, 13.84%, 0, 0, 3, 36.46, 45602, 2013, 0, 0
1155, 0, 256, 683, 540, 229, 13.86%, 0, 0, 3, 36.45, 45787, 2016, 0, 0
1161, 0, 335, 683, 538, 227, 13.86%, 0, 0, 3, 39.00, 45976, 2016, 0, 0
1166, 0, 258, 686, 540, 229, 13.94%, 0, 0, 3, 39.56, 46156, 2027, 0, 0
1171, 0, 439, 689, 542, 228, 13.94%, 0, 0, 3, 45.85, 46391, 2028, 0, 0
1171, 0, 439, 689, 542, 228, 13.94%, 0, 0, 3, 44.88, 46401, 2028, 0, 0
