# relative_time, cycles_done, cur_item, corpus_count, pending_total, pending_favs, map_size, saved_crashes, saved_hangs, max_depth, execs_per_sec, total_execs, edges_found, total_crashes, servers_count
61, 0, 2, 152, 136, 22, 7.34%, 0, 0, 2, 55.02, 4406, 1801, 0, 0
66, 0, 2, 152, 136, 22, 7.34%, 0, 0, 2, 54.79, 4685, 1801, 0, 0
71, 0, 2, 153, 137, 22, 7.37%, 0, 0, 2, 54.72, 4962, 1809, 0, 0
76, 0, 2, 153, 137, 22, 7.37%, 0, 0, 2, 53.57, 5234, 1809, 0, 0
81, 0, 2, 154, 138, 22, 7.37%, 0, 0, 2, 53.87, 5510, 1810, 0, 0
86, 0, 2, 155, 139, 22, 7.37%, 0, 0, 2, 54.18, 5790, 1810, 0, 0
91, 0, 2, 156, 140, 22, 7.38%, 0, 0, 2, 54.20, 6065, 1811, 0, 0
96, 0, 2, 156, 140, 22, 7.38%, 0, 0, 2, 54.21, 6340, 1811, 0, 0
102, 0, 2, 158, 142, 22, 7.39%, 0, 0, 2, 54.33, 6621, 1815, 0, 0
107, 0, 2, 160, 144, 22, 7.41%, 0, 0, 2, 54.62, 6903, 1818, 0, 0
112, 0, 2, 160, 144, 22, 7.41%, 0, 0, 2, 54.23, 7183, 1818, 0, 0
117, 0, 2, 160, 144, 22, 7.41%, 0, 0, 2, 55.07, 7463, 1818, 0, 0
122, 0, 3, 162, 145, 84, 7.41%, 0, 0, 2, 55.42, 7742, 1819, 0, 0
127, 0, 3, 173, 156, 84, 7.46%, 0, 0, 2, 53.04, 8002, 1830, 0, 0
132, 0, 3, 177, 160, 84, 7.46%, 0, 0, 2, 54.96, 8286, 1832, 0, 0
137, 0, 3, 183, 166, 84, 7.48%, 0, 0, 2, 53.86, 8560, 1835, 0, 0
142, 0, 3, 190, 173, 84, 7.57%, 0, 0, 2, 53.54, 8827, 1857, 0, 0
148, 0, 3, 194, 177, 84, 7.57%, 0, 0, 2, 53.76, 9103, 1858, 0, 0
153, 0, 3, 197, 180, 84, 7.57%, 0, 0, 2, 54.03, 9382, 1858, 0, 0
158, 0, 3, 198, 181, 84, 7.57%, 0, 0, 2, 54.09, 9659, 1859, 0, 0
163, 0, 3, 198, 181, 84, 7.57%, 0, 0, 2, 53.11, 9932, 1859, 0, 0
168, 0, 3, 199, 182, 84, 7.57%, 0, 0, 2, 52.18, 10195, 1859, 0, 0
173, 0, 3, 199, 182, 84, 7.57%, 0, 0, 2, 52.36, 10466, 1859, 0, 0
178, 0, 3, 201, 184, 84, 7.57%, 0, 0, 2, 53.48, 10737, 1859, 0, 0
183, 0, 3, 203, 186, 84, 7.58%, 0, 0, 2, 53.67, 11012, 1861, 0, 0
188, 0, 3, 204, 187, 84, 7.58%, 0, 0, 2, 53.55, 11288, 1861, 0, 0
194, 0, 3, 204, 187, 84, 7.58%, 0, 0, 2, 53.70, 11564, 1861, 0, 0
199, 0, 3, 204, 187, 84, 7.58%, 0, 0, 2, 53.97, 11840, 1861, 0, 0
204, 0, 3, 204, 187, 84, 7.58%, 0, 0, 2, 54.08, 12117, 1861, 0, 0
209, 0, 3, 206, 189, 84, 7.58%, 0, 0, 2, 54.19, 12393, 1861, 0, 0
214, 0, 3, 207, 190, 84, 7.58%, 0, 0, 2, 54.01, 12669, 1861, 0, 0
219, 0, 3, 209, 192, 84, 7.59%, 0, 0, 2, 54.04, 12949, 1863, 0, 0
224, 0, 3, 211, 194, 84, 7.61%, 0, 0, 2, 54.24, 13227, 1867, 0, 0
230, 0, 3, 212, 195, 84, 7.61%, 0, 0, 2, 54.36, 13509, 1867, 0, 0
235, 0, 3, 212, 195, 84, 7.61%, 0, 0, 2, 54.04, 13784, 1867, 0, 0
240, 0, 3, 213, 196, 84, 7.61%, 0, 0, 2, 53.92, 14063, 1867, 0, 0
245, 0, 3, 214, 197, 84, 7.61%, 0, 0, 2, 53.83, 14341, 1868, 0, 0
252, 0, 4, 214, 196, 97, 7.61%, 0, 0, 2, 53.65, 14713, 1868, 0, 0
257, 0, 8, 219, 200, 99, 7.63%, 0, 0, 2, 51.91, 14975, 1872, 0, 0
262, 0, 8, 225, 206, 99, 7.64%, 0, 0, 2, 52.76, 15237, 1876, 0, 0
267, 0, 8, 228, 209, 99, 7.65%, 0, 0, 2, 53.43, 15509, 1877, 0, 0
272, 0, 8, 230, 211, 99, 7.66%, 0, 0, 2, 52.95, 15774, 1879, 0, 0
277, 0, 8, 231, 212, 99, 7.66%, 0, 0, 2, 53.11, 16044, 1880, 0, 0
282, 0, 8, 231, 212, 99, 7.66%, 0, 0, 2, 52.91, 16319, 1880, 0, 0
287, 0, 8, 235, 216, 99, 7.66%, 0, 0, 2, 52.72, 16586, 1880, 0, 0
292, 0, 8, 236, 217, 99, 7.66%, 0, 0, 2, 52.61, 16850, 1880, 0, 0
298, 0, 8, 237, 218, 99, 7.66%, 0, 0, 2, 52.81, 17117, 1880, 0, 0
303, 0, 8, 239, 220, 99, 7.66%, 0, 0, 2, 53.10, 17392, 1880, 0, 0
308, 0, 8, 239, 220, 99, 7.66%, 0, 0, 2, 53.09, 17667, 1880, 0, 0
313, 0, 8, 240, 221, 99, 7.66%, 0, 0, 2, 52.99, 17942, 1880, 0, 0
318, 0, 8, 241, 222, 99, 7.66%, 0, 0, 2, 52.65, 18210, 1880, 0, 0
323, 0, 8, 242, 223, 99, 7.66%, 0, 0, 2, 52.71, 18481, 1880, 0, 0
328, 0, 8, 243, 224, 99, 7.66%, 0, 0, 2, 52.77, 18745, 1880, 0, 0
334, 0, 8, 243, 224, 99, 7.66%, 0, 0, 2, 52.92, 19020, 1880, 0, 0
339, 0, 8, 244, 225, 99, 7.66%, 0, 0, 2, 53.03, 19286, 1880, 0, 0
344, 0, 8, 245, 226, 99, 7.66%, 0, 0, 2, 52.97, 19554, 1880, 0, 0
349, 0, 8, 246, 227, 99, 7.67%, 0, 0, 2, 52.74, 19818, 1882, 0, 0
354, 0, 8, 246, 227, 99, 7.67%, 0, 0, 2, 52.50, 20082, 1882, 0, 0
359, 0, 8, 247, 228, 99, 7.67%, 0, 0, 2, 53.17, 20348, 1882, 0, 0
364, 0, 8, 247, 228, 99, 7.67%, 0, 0, 2, 53.18, 20623, 1882, 0, 0
369, 0, 8, 247, 228, 99, 7.67%, 0, 0, 2, 52.92, 20898, 1882, 0, 0
374, 0, 8, 247, 228, 99, 7.67%, 0, 0, 2, 52.82, 21162, 1882, 0, 0
379, 0, 8, 248, 229, 99, 7.67%, 0, 0, 2, 52.69, 21429, 1882, 0, 0
384, 0, 8, 249, 230, 99, 7.69%, 0, 0, 2, 52.56, 21699, 1888, 0, 0
389, 0, 8, 249, 230, 99, 7.69%, 0, 0, 2, 52.85, 21974, 1888, 0, 0
394, 0, 8, 249, 230, 99, 7.69%, 0, 0, 2, 52.62, 22238, 1888, 0, 0
399, 0, 8, 249, 230, 99, 7.69%, 0, 0, 2, 52.70, 22503, 1888, 0, 0
405, 0, 8, 250, 231, 99, 7.69%, 0, 0, 2, 52.80, 22770, 1888, 0, 0
410, 0, 8, 250, 231, 99, 7.69%, 0, 0, 2, 52.73, 23034, 1888, 0, 0
415, 0, 8, 251, 232, 99, 7.69%, 0, 0, 2, 52.34, 23298, 1888, 0, 0
420, 0, 8, 252, 233, 99, 7.69%, 0, 0, 2, 52.68, 23566, 1888, 0, 0
425, 0, 8, 253, 234, 99, 7.69%, 0, 0, 2, 52.97, 23841, 1888, 0, 0
430, 0, 8, 253, 234, 99, 7.69%, 0, 0, 2, 52.56, 24104, 1888, 0, 0
435, 0, 8, 253, 234, 99, 7.69%, 0, 0, 2, 52.76, 24379, 1888, 0, 0
440, 0, 8, 254, 235, 99, 7.69%, 0, 0, 2, 52.69, 24650, 1888, 0, 0
445, 0, 8, 255, 236, 99, 7.70%, 0, 0, 2, 53.07, 24925, 1890, 0, 0
451, 0, 8, 255, 236, 99, 7.70%, 0, 0, 2, 53.28, 25200, 1890, 0, 0
456, 0, 8, 255, 236, 99, 7.70%, 0, 0, 2, 53.24, 25475, 1890, 0, 0
461, 0, 8, 255, 236, 99, 7.70%, 0, 0, 2, 53.30, 25750, 1890, 0, 0
466, 0, 8, 255, 236, 99, 7.70%, 0, 0, 2, 53.49, 26025, 1890, 0, 0
471, 0, 8, 256, 237, 99, 7.70%, 0, 0, 2, 53.35, 26292, 1890, 0, 0
476, 0, 8, 256, 237, 99, 7.70%, 0, 0, 2, 53.23, 26567, 1890, 0, 0
481, 0, 8, 256, 237, 99, 7.70%, 0, 0, 2, 53.33, 26842, 1890, 0, 0
487, 0, 8, 257, 238, 99, 7.70%, 0, 0, 2, 53.49, 27119, 1890, 0, 0
492, 0, 8, 257, 238, 99, 7.70%, 0, 0, 2, 53.47, 27394, 1890, 0, 0
497, 0, 8, 258, 239, 99, 7.70%, 0, 0, 2, 53.41, 27668, 1890, 0, 0
502, 0, 8, 259, 240, 99, 7.70%, 0, 0, 2, 53.45, 27943, 1890, 0, 0
507, 0, 8, 260, 241, 99, 7.71%, 0, 0, 2, 53.56, 28218, 1893, 0, 0
512, 0, 8, 260, 241, 99, 7.71%, 0, 0, 2, 53.60, 28494, 1893, 0, 0
517, 0, 8, 261, 242, 99, 7.71%, 0, 0, 2, 53.36, 28770, 1893, 0, 0
523, 0, 8, 261, 242, 99, 7.71%, 0, 0, 2, 53.30, 29045, 1893, 0, 0
528, 0, 8, 261, 242, 99, 7.71%, 0, 0, 2, 53.13, 29320, 1893, 0, 0
533, 0, 8, 261, 242, 99, 7.71%, 0, 0, 2, 53.21, 29595, 1893, 0, 0
538, 0, 8, 261, 242, 99, 7.71%, 0, 0, 2, 52.95, 29870, 1893, 0, 0
543, 0, 8, 262, 243, 99, 7.71%, 0, 0, 2, 53.23, 30139, 1893, 0, 0
548, 0, 8, 262, 243, 99, 7.71%, 0, 0, 2, 53.15, 30414, 1893, 0, 0
554, 0, 8, 263, 244, 99, 7.72%, 0, 0, 2, 53.21, 30689, 1895, 0, 0
559, 0, 8, 265, 246, 99, 7.73%, 0, 0, 2, 52.85, 30957, 1897, 0, 0
564, 0, 8, 265, 246, 99, 7.73%, 0, 0, 2, 53.08, 31232, 1897, 0, 0
569, 0, 8, 265, 246, 99, 7.73%, 0, 0, 2, 53.13, 31507, 1897, 0, 0
574, 0, 8, 265, 246, 99, 7.73%, 0, 0, 2, 53.40, 31782, 1897, 0, 0
579, 0, 8, 266, 247, 99, 7.73%, 0, 0, 2, 53.29, 32050, 1897, 0, 0
584, 0, 8, 266, 247, 99, 7.73%, 0, 0, 2, 53.11, 32325, 1897, 0, 0
590, 0, 8, 267, 248, 99, 7.73%, 0, 0, 2, 52.72, 32600, 1897, 0, 0
595, 0, 8, 267, 248, 99, 7.73%, 0, 0, 2, 52.45, 32864, 1897, 0, 0
600, 0, 8, 267, 248, 99, 7.73%, 0, 0, 2, 53.12, 33139, 1897, 0, 0
605, 0, 8, 267, 248, 99, 7.73%, 0, 0, 2, 53.42, 33414, 1897, 0, 0
610, 0, 8, 267, 248, 99, 7.73%, 0, 0, 2, 53.34, 33689, 1897, 0, 0
615, 0, 8, 268, 249, 99, 7.73%, 0, 0, 2, 53.48, 33958, 1897, 0, 0
620, 0, 8, 269, 250, 99, 7.73%, 0, 0, 2, 53.37, 34233, 1897, 0, 0
625, 0, 8, 270, 251, 99, 7.73%, 0, 0, 2, 53.53, 34508, 1898, 0, 0
631, 0, 8, 271, 252, 99, 7.74%, 0, 0, 2, 53.98, 34789, 1899, 0, 0
636, 0, 8, 271, 252, 99, 7.74%, 0, 0, 2, 53.60, 35064, 1899, 0, 0
641, 0, 8, 271, 252, 99, 7.74%, 0, 0, 2, 53.86, 35340, 1899, 0, 0
646, 0, 8, 272, 253, 99, 7.74%, 0, 0, 2, 54.17, 35615, 1900, 0, 0
651, 0, 8, 272, 253, 99, 7.74%, 0, 0, 2, 53.92, 35891, 1900, 0, 0
656, 0, 8, 272, 253, 99, 7.74%, 0, 0, 2, 53.87, 36166, 1900, 0, 0
661, 0, 8, 272, 253, 99, 7.74%, 0, 0, 2, 53.70, 36441, 1900, 0, 0
666, 0, 8, 273, 254, 99, 7.74%, 0, 0, 2, 53.48, 36713, 1900, 0, 0
671, 0, 8, 273, 254, 99, 7.74%, 0, 0, 2, 53.39, 36988, 1900, 0, 0
677, 0, 8, 273, 254, 99, 7.74%, 0, 0, 2, 53.43, 37263, 1900, 0, 0
682, 0, 8, 273, 254, 99, 7.74%, 0, 0, 2, 53.54, 37538, 1900, 0, 0
687, 0, 8, 273, 254, 99, 7.74%, 0, 0, 2, 53.39, 37813, 1900, 0, 0
692, 0, 8, 273, 254, 99, 7.74%, 0, 0, 2, 53.57, 38088, 1900, 0, 0
697, 0, 8, 273, 254, 99, 7.74%, 0, 0, 2, 53.40, 38363, 1900, 0, 0
702, 0, 8, 273, 254, 99, 7.74%, 0, 0, 2, 53.61, 38638, 1900, 0, 0
707, 0, 8, 273, 254, 99, 7.74%, 0, 0, 2, 53.43, 38913, 1900, 0, 0
713, 0, 8, 274, 255, 99, 7.74%, 0, 0, 2, 53.33, 39187, 1900, 0, 0
718, 0, 8, 275, 256, 99, 7.74%, 0, 0, 2, 53.30, 39455, 1900, 0, 0
723, 0, 8, 275, 256, 99, 7.74%, 0, 0, 2, 53.42, 39729, 1900, 0, 0
728, 0, 8, 275, 256, 99, 7.74%, 0, 0, 2, 53.35, 40004, 1900, 0, 0
733, 0, 8, 275, 256, 99, 7.74%, 0, 0, 2, 53.18, 40279, 1900, 0, 0
738, 0, 8, 275, 256, 99, 7.74%, 0, 0, 2, 53.03, 40554, 1900, 0, 0
743, 0, 8, 275, 256, 99, 7.74%, 0, 0, 2, 53.01, 40829, 1900, 0, 0
749, 0, 8, 275, 256, 99, 7.74%, 0, 0, 2, 53.16, 41104, 1900, 0, 0
754, 0, 8, 275, 256, 99, 7.74%, 0, 0, 2, 52.91, 41379, 1900, 0, 0
759, 0, 8, 275, 256, 99, 7.74%, 0, 0, 2, 53.18, 41654, 1900, 0, 0
764, 0, 8, 276, 257, 99, 7.74%, 0, 0, 2, 53.00, 41925, 1900, 0, 0
769, 0, 8, 276, 257, 99, 7.74%, 0, 0, 2, 53.26, 42200, 1900, 0, 0
774, 0, 9, 281, 261, 98, 7.74%, 0, 0, 2, 52.93, 42472, 1900, 0, 0
780, 0, 9, 297, 277, 98, 7.81%, 0, 0, 2, 52.38, 42739, 1916, 0, 0
785, 0, 9, 314, 294, 98, 7.89%, 0, 0, 2, 52.98, 43007, 1937, 0, 0
790, 0, 9, 336, 316, 98, 8.03%, 0, 0, 2, 52.92, 43287, 1970, 0, 0
795, 0, 9, 349, 329, 98, 8.08%, 0, 0, 2, 53.27, 43553, 1983, 0, 0
800, 0, 9, 362, 342, 145, 8.14%, 0, 0, 2, 53.13, 43849, 1999, 0, 0
806, 0, 12, 362, 341, 144, 8.14%, 0, 0, 2, 51.87, 44104, 1999, 0, 0
811, 0, 13, 364, 342, 143, 8.14%, 0, 0, 2, 51.42, 44363, 1999, 0, 0
817, 0, 49, 365, 341, 141, 8.14%, 0, 0, 2, 51.79, 44697, 1999, 0, 0
822, 0, 50, 365, 340, 140, 8.14%, 0, 0, 2, 54.19, 44964, 1999, 0, 0
827, 0, 52, 365, 339, 139, 8.14%, 0, 0, 2, 52.55, 45221, 1999, 0, 0
832, 0, 62, 366, 339, 138, 8.14%, 0, 0, 2, 51.21, 45478, 1999, 0, 0
837, 0, 64, 370, 342, 137, 8.14%, 0, 0, 2, 50.45, 45724, 1999, 0, 0
844, 0, 73, 375, 344, 134, 8.14%, 0, 0, 3, 51.28, 46042, 1999, 0, 0
849, 0, 77, 377, 345, 133, 8.14%, 0, 0, 3, 49.11, 46288, 1999, 0, 0
854, 0, 83, 378, 344, 131, 8.14%, 0, 0, 3, 50.70, 46571, 1999, 0, 0
860, 0, 87, 381, 346, 131, 8.15%, 0, 0, 3, 52.53, 46844, 2001, 0, 0
865, 0, 87, 381, 346, 131, 8.15%, 0, 0, 3, 52.69, 47107, 2001, 0, 0
870, 0, 88, 381, 345, 131, 8.15%, 0, 0, 3, 53.14, 47385, 2001, 0, 0
875, 0, 89, 381, 344, 130, 8.15%, 0, 0, 3, 52.61, 47647, 2001, 0, 0
880, 0, 93, 384, 346, 129, 8.16%, 0, 0, 3, 51.63, 47898, 2002, 0, 0
885, 0, 99, 388, 348, 129, 8.16%, 0, 0, 3, 54.15, 48161, 2004, 0, 0
890, 0, 101, 390, 348, 128, 8.16%, 0, 0, 3, 53.08, 48429, 2004, 0, 0
896, 0, 106, 392, 348, 126, 8.16%, 0, 0, 3, 51.60, 48697, 2004, 0, 0
901, 0, 107, 394, 349, 126, 8.18%, 0, 0, 3, 51.40, 48953, 2007, 0, 0
906, 0, 107, 394, 349, 126, 8.18%, 0, 0, 3, 53.02, 49227, 2007, 0, 0
911, 0, 112, 395, 348, 124, 8.18%, 0, 0, 3, 50.80, 49481, 2007, 0, 0
916, 0, 117, 395, 346, 122, 8.18%, 0, 0, 3, 49.43, 49729, 2007, 0, 0
921, 0, 122, 396, 345, 120, 8.18%, 0, 0, 3, 51.33, 49978, 2008, 0, 0
926, 0, 123, 396, 344, 120, 8.18%, 0, 0, 3, 51.23, 50239, 2008, 0, 0
931, 0, 125, 396, 342, 118, 8.18%, 0, 0, 3, 49.25, 50496, 2008, 0, 0
937, 0, 128, 397, 341, 116, 8.18%, 0, 0, 3, 51.06, 50810, 2008, 0, 0
943, 0, 132, 397, 340, 115, 8.18%, 0, 0, 3, 53.90, 51087, 2008, 0, 0
948, 0, 137, 397, 339, 114, 8.18%, 0, 0, 3, 51.14, 51341, 2008, 0, 0
953, 0, 142, 400, 340, 112, 8.21%, 0, 0, 3, 52.47, 51604, 2014, 0, 0
958, 0, 144, 403, 342, 114, 8.25%, 0, 0, 3, 55.00, 51865, 2025, 0, 0
963, 0, 146, 404, 342, 116, 8.25%, 0, 0, 3, 52.51, 52138, 2025, 0, 0
968, 0, 149, 406, 342, 114, 8.25%, 0, 0, 3, 51.00, 52398, 2025, 0, 0
973, 0, 155, 408, 342, 112, 8.25%, 0, 0, 3, 50.74, 52656, 2025, 0, 0
979, 0, 158, 408, 340, 110, 8.25%, 0, 0, 3, 51.71, 52952, 2025, 0, 0
984, 0, 160, 411, 341, 108, 8.25%, 0, 0, 3, 52.47, 53224, 2025, 0, 0
990, 0, 161, 412, 341, 108, 8.26%, 0, 0, 3, 4.72, 53481, 2027, 0, 0
995, 0, 176, 412, 340, 107, 8.26%, 0, 0, 3, 51.72, 53737, 2027, 0, 0
1000, 0, 181, 412, 339, 106, 8.26%, 0, 0, 3, 52.27, 54003, 2027, 0, 0
1005, 0, 183, 413, 338, 104, 8.27%, 0, 0, 3, 50.55, 54256, 2030, 0, 0
1011, 0, 187, 413, 336, 103, 8.27%, 0, 0, 3, 51.54, 54558, 2030, 0, 0
1016, 0, 191, 414, 335, 101, 8.27%, 0, 0, 3, 51.42, 54812, 2030, 0, 0
1021, 0, 193, 414, 334, 100, 8.27%, 0, 0, 3, 51.54, 55071, 2030, 0, 0
1026, 0, 196, 414, 332, 98, 8.27%, 0, 0, 3, 51.50, 55336, 2030, 0, 0
1032, 0, 200, 414, 330, 97, 8.27%, 0, 0, 3, 51.40, 55655, 2030, 0, 0
1038, 0, 200, 414, 330, 97, 8.27%, 0, 0, 3, 53.27, 55927, 2030, 0, 0
1043, 0, 203, 415, 329, 95, 8.27%, 0, 0, 3, 52.56, 56204, 2030, 0, 0
1049, 0, 208, 415, 327, 93, 8.27%, 0, 0, 3, 52.38, 56530, 2030, 0, 0
1055, 0, 213, 417, 327, 93, 8.29%, 0, 0, 3, 51.35, 56846, 2034, 0, 0
1061, 0, 217, 418, 326, 91, 8.29%, 0, 0, 3, 50.45, 57130, 2034, 0, 0
1066, 0, 218, 419, 326, 90, 8.29%, 0, 0, 3, 51.09, 57392, 2034, 0, 0
1072, 0, 222, 419, 324, 88, 8.29%, 0, 0, 3, 50.36, 57669, 2034, 0, 0
1077, 0, 223, 419, 323, 87, 8.29%, 0, 0, 3, 52.47, 57925, 2034, 0, 0
1082, 0, 227, 419, 321, 85, 8.29%, 0, 0, 3, 52.05, 58184, 2034, 0, 0
1088, 0, 229, 419, 319, 83, 8.29%, 0, 0, 3, 52.17, 58478, 2034, 0, 0
1093, 0, 230, 419, 318, 82, 8.29%, 0, 0, 3, 52.26, 58730, 2034, 0, 0
1098, 0, 248, 419, 315, 79, 8.29%, 0, 0, 3, 50.92, 58985, 2034, 0, 0
1103, 0, 255, 419, 314, 78, 8.29%, 0, 0, 3, 52.84, 59256, 2034, 0, 0
1109, 0, 259, 420, 313, 76, 8.29%, 0, 0, 3, 49.92, 59512, 2035, 0, 0
1114, 0, 263, 422, 313, 76, 8.29%, 0, 0, 3, 51.21, 59795, 2036, 0, 0
1119, 0, 270, 424, 313, 74, 8.30%, 0, 0, 3, 51.31, 60055, 2037, 0, 0
1125, 0, 271, 426, 314, 75, 8.31%, 0, 0, 3, 52.16, 60349, 2039, 0, 0
1130, 0, 273, 427, 314, 75, 8.32%, 0, 0, 3, 51.13, 60604, 2042, 0, 0
1135, 0, 281, 427, 313, 74, 8.32%, 0, 0, 3, 50.58, 60861, 2042, 0, 0
1140, 0, 284, 428, 312, 72, 8.32%, 0, 0, 3, 51.45, 61132, 2042, 0, 0
1145, 0, 284, 431, 315, 72, 8.32%, 0, 0, 3, 53.11, 61392, 2042, 0, 0
1150, 0, 286, 434, 316, 70, 8.32%, 0, 0, 3, 52.24, 61664, 2042, 0, 0
1156, 0, 290, 435, 315, 69, 8.33%, 0, 0, 3, 51.57, 61947, 2044, 0, 0
1161, 0, 291, 436, 315, 69, 8.33%, 0, 0, 3, 52.46, 62202, 2045, 0, 0
1166, 0, 298, 437, 314, 68, 8.34%, 0, 0, 3, 8.81, 62457, 2046, 0, 0
1171, 0, 300, 441, 316, 66, 8.34%, 0, 0, 3, 51.80, 62718, 2046, 0, 0
1176, 0, 303, 445, 318, 65, 8.34%, 0, 0, 3, 52.51, 62984, 2048, 0, 0
1182, 0, 306, 445, 316, 63, 8.34%, 0, 0, 3, 50.12, 63239, 2048, 0, 0
1188, 0, 308, 445, 314, 61, 8.34%, 0, 0, 3, 51.51, 63555, 2048, 0, 0
1193, 0, 308, 445, 314, 61, 8.34%, 0, 0, 3, 53.14, 63824, 2048, 0, 0
1198, 0, 309, 445, 313, 60, 8.34%, 0, 0, 3, 52.19, 64088, 2048, 0, 0
1204, 0, 311, 445, 311, 58, 8.34%, 0, 0, 3, 53.35, 64401, 2048, 0, 0
1209, 0, 312, 445, 310, 57, 8.34%, 0, 0, 3, 53.43, 64663, 2048, 0, 0
1214, 0, 314, 446, 310, 56, 8.35%, 0, 0, 3, 51.47, 64918, 2049, 0, 0
1219, 0, 316, 448, 311, 57, 8.36%, 0, 0, 3, 53.30, 65202, 2053, 0, 0
1224, 0, 316, 450, 313, 57, 8.37%, 0, 0, 3, 53.99, 65467, 2055, 0, 0
1230, 0, 321, 452, 313, 57, 8.37%, 0, 0, 3, 52.67, 65767, 2055, 0, 0
1235, 0, 323, 453, 313, 57, 8.38%, 0, 0, 3, 53.14, 66035, 2056, 0, 0
1240, 0, 325, 455, 314, 57, 8.38%, 0, 0, 3, 52.80, 66294, 2058, 0, 0
1245, 0, 327, 456, 313, 56, 8.38%, 0, 0, 3, 52.26, 66572, 2058, 0, 0
1250, 0, 329, 457, 313, 56, 8.39%, 0, 0, 3, 52.96, 66830, 2059, 0, 0
1255, 0, 334, 459, 313, 54, 8.39%, 0, 0, 3, 51.95, 67088, 2059, 0, 0
1261, 0, 337, 461, 313, 52, 8.42%, 0, 0, 3, 51.86, 67354, 2067, 0, 0
1268, 0, 341, 464, 314, 53, 8.45%, 0, 0, 3, 52.77, 67721, 2073, 0, 0
1273, 0, 344, 465, 313, 51, 8.45%, 0, 0, 3, 53.63, 67993, 2073, 0, 0
1278, 0, 347, 466, 312, 49, 8.45%, 0, 0, 3, 53.28, 68251, 2073, 0, 0
1283, 0, 352, 469, 313, 48, 8.45%, 0, 0, 3, 52.31, 68513, 2074, 0, 0
1288, 0, 353, 470, 313, 47, 8.45%, 0, 0, 3, 50.90, 68780, 2074, 0, 0
1293, 0, 355, 473, 315, 46, 8.46%, 0, 0, 3, 53.74, 69044, 2076, 0, 0
1298, 0, 355, 474, 316, 46, 8.46%, 0, 0, 3, 54.53, 69327, 2077, 0, 0
1303, 0, 356, 474, 315, 48, 8.46%, 0, 0, 3, 53.09, 69592, 2077, 0, 0
1309, 0, 360, 475, 313, 45, 8.46%, 0, 0, 3, 52.03, 69848, 2077, 0, 0
1314, 0, 361, 478, 315, 46, 8.47%, 0, 0, 3, 51.24, 70102, 2080, 0, 0
1319, 0, 378, 483, 317, 46, 8.47%, 0, 0, 4, 53.58, 70380, 2080, 0, 0
1325, 0, 380, 483, 316, 45, 8.47%, 0, 0, 4, 52.48, 70729, 2080, 0, 0
1330, 0, 380, 483, 316, 45, 8.47%, 0, 0, 4, 52.95, 70991, 2080, 0, 0
1335, 0, 380, 483, 316, 45, 8.47%, 0, 0, 4, 54.17, 71266, 2080, 0, 0
1341, 0, 380, 483, 316, 45, 8.47%, 0, 0, 4, 54.39, 71542, 2080, 0, 0
1346, 0, 382, 483, 315, 44, 8.47%, 0, 0, 4, 54.41, 71816, 2080, 0, 0
1351, 0, 387, 485, 316, 43, 8.47%, 0, 0, 4, 50.25, 72064, 2080, 0, 0
1356, 0, 395, 487, 316, 41, 8.47%, 0, 0, 4, 51.61, 72326, 2080, 0, 0
1361, 0, 400, 488, 314, 39, 8.48%, 0, 0, 4, 53.28, 72588, 2081, 0, 0
1366, 0, 401, 489, 314, 38, 8.48%, 0, 0, 4, 52.53, 72845, 2081, 0, 0
1371, 0, 403, 493, 316, 36, 8.48%, 0, 0, 4, 52.73, 73098, 2081, 0, 0
1376, 0, 403, 493, 316, 36, 8.48%, 0, 0, 4, 54.17, 73375, 2081, 0, 0
1381, 0, 412, 494, 315, 34, 8.49%, 0, 0, 4, 52.35, 73634, 2084, 0, 0
1386, 0, 416, 494, 313, 33, 8.49%, 0, 0, 4, 51.06, 73892, 2084, 0, 0
1391, 0, 419, 494, 312, 32, 8.49%, 0, 0, 4, 51.34, 74152, 2084, 0, 0
1397, 0, 423, 494, 310, 30, 8.49%, 0, 0, 4, 51.79, 74409, 2084, 0, 0
1402, 0, 426, 497, 311, 30, 8.50%, 0, 0, 4, 51.51, 74673, 2087, 0, 0
1407, 0, 427, 507, 320, 29, 8.53%, 0, 0, 4, 51.86, 74936, 2093, 0, 0
1412, 0, 427, 525, 338, 29, 8.58%, 0, 0, 4, 53.10, 75214, 2105, 0, 0
1419, 0, 435, 535, 347, 47, 8.65%, 0, 0, 4, 52.58, 75579, 2122, 0, 0
1424, 0, 443, 537, 347, 46, 8.67%, 0, 0, 4, 54.49, 75841, 2128, 0, 0
1429, 0, 443, 537, 347, 46, 8.67%, 0, 0, 4, 53.15, 76115, 2128, 0, 0
1434, 0, 443, 538, 348, 46, 8.67%, 0, 0, 4, 51.67, 76373, 2128, 0, 0
1439, 0, 445, 538, 346, 44, 8.67%, 0, 0, 4, 51.72, 76629, 2128, 0, 0
1445, 0, 446, 539, 346, 43, 8.67%, 0, 0, 4, 52.29, 76892, 2129, 0, 0
1450, 0, 449, 539, 344, 42, 8.67%, 0, 0, 4, 50.78, 77155, 2129, 0, 0
1455, 0, 449, 539, 344, 42, 8.67%, 0, 0, 4, 54.19, 77442, 2129, 0, 0
1460, 0, 453, 539, 342, 40, 8.67%, 0, 0, 4, 51.35, 77703, 2129, 0, 0
1465, 0, 456, 539, 340, 38, 8.67%, 0, 0, 4, 49.95, 77956, 2129, 0, 0
1470, 0, 459, 539, 338, 36, 8.67%, 0, 0, 4, 51.75, 78216, 2129, 0, 0
1475, 0, 460, 539, 337, 35, 8.67%, 0, 0, 4, 51.41, 78479, 2129, 0, 0
1480, 0, 462, 539, 336, 34, 8.67%, 0, 0, 4, 51.91, 78735, 2129, 0, 0
1486, 0, 466, 541, 336, 34, 8.70%, 0, 0, 4, 52.48, 78996, 2135, 0, 0
1491, 0, 470, 542, 335, 32, 8.70%, 0, 0, 4, 50.74, 79255, 2135, 0, 0
1496, 0, 471, 542, 334, 31, 8.70%, 0, 0, 4, 51.54, 79501, 2135, 0, 0
1501, 0, 473, 542, 333, 30, 8.70%, 0, 0, 4, 52.45, 79763, 2135, 0, 0
1506, 0, 476, 542, 331, 28, 8.70%, 0, 0, 4, 49.39, 80012, 2135, 0, 0
1511, 0, 483, 543, 330, 26, 8.70%, 0, 0, 4, 51.29, 80274, 2135, 0, 0
1516, 0, 493, 543, 328, 25, 8.70%, 0, 0, 4, 51.35, 80541, 2135, 0, 0
1521, 0, 494, 543, 327, 24, 8.70%, 0, 0, 4, 50.12, 80790, 2135, 0, 0
1527, 0, 495, 543, 326, 23, 8.70%, 0, 0, 4, 52.13, 81061, 2135, 0, 0
1532, 0, 500, 545, 325, 20, 8.70%, 0, 0, 4, 50.51, 81305, 2135, 0, 0
1537, 0, 501, 545, 324, 19, 8.70%, 0, 0, 4, 51.42, 81580, 2135, 0, 0
1542, 0, 505, 546, 324, 18, 8.73%, 0, 0, 4, 53.09, 81845, 2142, 0, 0
1547, 0, 507, 546, 322, 17, 8.73%, 0, 0, 4, 52.40, 82096, 2142, 0, 0
1552, 0, 509, 547, 322, 16, 8.73%, 0, 0, 4, 53.87, 82365, 2142, 0, 0
1557, 0, 516, 548, 322, 15, 8.73%, 0, 0, 4, 53.75, 82643, 2144, 0, 0
1562, 0, 522, 550, 322, 14, 8.73%, 0, 0, 4, 52.22, 82893, 2144, 0, 0
1567, 0, 524, 550, 321, 13, 8.73%, 0, 0, 4, 52.39, 83154, 2144, 0, 0
1573, 0, 528, 550, 320, 12, 8.73%, 0, 0, 4, 51.03, 83409, 2144, 0, 0
1578, 0, 530, 552, 320, 11, 8.74%, 0, 0, 4, 51.85, 83678, 2145, 0, 0
1583, 0, 532, 552, 318, 9, 8.74%, 0, 0, 4, 52.19, 83939, 2145, 0, 0
1588, 0, 534, 553, 317, 7, 8.74%, 0, 0, 4, 52.06, 84201, 2145, 0, 0
1594, 0, 535, 555, 318, 8, 8.78%, 0, 0, 4, 53.96, 84521, 2156, 0, 0
1599, 0, 539, 557, 318, 6, 8.78%, 0, 0, 4, 51.95, 84780, 2156, 0, 0
1604, 0, 542, 558, 318, 5, 8.78%, 0, 0, 4, 51.94, 85050, 2156, 0, 0
1610, 0, 545, 559, 318, 5, 8.78%, 0, 0, 4, 52.26, 85318, 2156, 0, 0
1615, 0, 547, 560, 318, 5, 8.82%, 0, 0, 4, 54.02, 85597, 2164, 0, 0
1620, 0, 551, 562, 319, 4, 8.82%, 0, 0, 4, 53.98, 85862, 2164, 0, 0
1625, 0, 553, 563, 319, 4, 8.82%, 0, 0, 4, 54.39, 86143, 2165, 0, 0
1630, 0, 553, 565, 321, 4, 8.82%, 0, 0, 5, 54.13, 86415, 2166, 0, 0
1635, 0, 554, 565, 320, 5, 8.82%, 0, 0, 5, 52.67, 86695, 2166, 0, 0
1640, 0, 559, 565, 319, 4, 8.82%, 0, 0, 5, 50.98, 86954, 2166, 0, 0
1646, 0, 562, 567, 320, 4, 8.83%, 0, 0, 5, 51.18, 87227, 2168, 0, 0
1651, 0, 563, 568, 320, 4, 8.83%, 0, 0, 5, 53.54, 87510, 2168, 0, 0
1656, 0, 564, 570, 321, 3, 8.86%, 0, 0, 6, 52.47, 87768, 2175, 0, 0
1661, 0, 565, 570, 320, 4, 8.86%, 0, 0, 6, 54.82, 88038, 2175, 0, 0
1666, 0, 565, 574, 324, 4, 8.88%, 0, 0, 6, 54.25, 88308, 2179, 0, 0
1671, 0, 565, 574, 324, 4, 8.88%, 0, 0, 6, 54.09, 88585, 2179, 0, 0
1676, 0, 565, 575, 325, 4, 8.88%, 0, 0, 6, 54.11, 88856, 2179, 0, 0
1681, 0, 565, 575, 325, 4, 8.88%, 0, 0, 6, 53.72, 89129, 2179, 0, 0
1686, 0, 565, 575, 325, 4, 8.88%, 0, 0, 6, 53.65, 89405, 2179, 0, 0
1691, 0, 565, 576, 326, 4, 8.90%, 0, 0, 6, 53.44, 89672, 2185, 0, 0
1697, 0, 565, 576, 326, 4, 8.90%, 0, 0, 6, 53.60, 89946, 2185, 0, 0
1702, 0, 565, 577, 327, 4, 8.91%, 0, 0, 6, 53.49, 90223, 2187, 0, 0
1707, 0, 565, 577, 327, 4, 8.91%, 0, 0, 6, 53.53, 90498, 2187, 0, 0
1712, 0, 565, 578, 328, 4, 8.92%, 0, 0, 6, 53.97, 90775, 2189, 0, 0
1717, 0, 565, 579, 329, 4, 8.93%, 0, 0, 6, 54.21, 91048, 2192, 0, 0
1722, 0, 565, 580, 330, 4, 8.93%, 0, 0, 6, 54.42, 91326, 2193, 0, 0
1727, 0, 565, 580, 330, 4, 8.93%, 0, 0, 6, 54.18, 91603, 2193, 0, 0
1732, 0, 565, 580, 330, 4, 8.93%, 0, 0, 6, 54.24, 91879, 2193, 0, 0
1738, 0, 565, 580, 330, 4, 8.93%, 0, 0, 6, 54.41, 92160, 2193, 0, 0
1743, 0, 565, 580, 330, 4, 8.93%, 0, 0, 6, 54.01, 92435, 2193, 0, 0
1748, 0, 565, 580, 330, 4, 8.93%, 0, 0, 6, 53.68, 92710, 2193, 0, 0
1753, 0, 565, 580, 330, 4, 8.93%, 0, 0, 6, 54.22, 92988, 2193, 0, 0
1758, 0, 565, 580, 330, 4, 8.93%, 0, 0, 6, 54.71, 93272, 2193, 0, 0
1763, 0, 565, 581, 331, 4, 8.93%, 0, 0, 6, 54.21, 93546, 2193, 0, 0
1768, 0, 565, 581, 331, 4, 8.93%, 0, 0, 6, 54.19, 93824, 2193, 0, 0
1773, 0, 565, 581, 331, 4, 8.93%, 0, 0, 6, 54.66, 94107, 2193, 0, 0
1779, 0, 565, 582, 332, 4, 8.93%, 0, 0, 6, 54.37, 94385, 2193, 0, 0
1784, 0, 567, 582, 331, 11, 8.93%, 0, 0, 6, 54.54, 94663, 2193, 0, 0
1790, 0, 568, 583, 331, 11, 8.94%, 0, 0, 6, 54.45, 95013, 2194, 0, 0
1797, 0, 569, 583, 330, 10, 8.94%, 0, 0, 6, 54.20, 95358, 2194, 0, 0
1802, 0, 569, 584, 331, 10, 8.97%, 0, 0, 7, 53.56, 95622, 2201, 0, 0
1807, 0, 571, 584, 330, 10, 8.97%, 0, 0, 7, 53.64, 95896, 2201, 0, 0
1812, 0, 571, 584, 330, 10, 8.97%, 0, 0, 7, 53.80, 96170, 2201, 0, 0
1817, 0, 573, 584, 329, 9, 8.97%, 0, 0, 7, 52.78, 96443, 2201, 0, 0
1822, 0, 575, 585, 329, 8, 8.97%, 0, 0, 7, 53.59, 96714, 2201, 0, 0
1827, 0, 575, 585, 329, 8, 8.97%, 0, 0, 7, 53.71, 96979, 2201, 0, 0
1834, 0, 576, 585, 328, 7, 8.97%, 0, 0, 7, 53.72, 97322, 2201, 0, 0
1839, 0, 576, 587, 330, 7, 8.97%, 0, 0, 7, 52.79, 97581, 2201, 0, 0
1844, 0, 577, 587, 329, 6, 8.97%, 0, 0, 7, 51.96, 97843, 2201, 0, 0
1849, 0, 578, 587, 328, 5, 8.97%, 0, 0, 7, 52.87, 98119, 2201, 0, 0
1855, 0, 579, 587, 327, 4, 8.97%, 0, 0, 7, 53.02, 98471, 2201, 0, 0
1861, 0, 580, 587, 326, 3, 8.97%, 0, 0, 7, 54.13, 98754, 2201, 0, 0
1866, 0, 580, 589, 328, 3, 8.97%, 0, 0, 7, 52.75, 99021, 2201, 0, 0
1871, 0, 583, 590, 327, 2, 8.97%, 0, 0, 7, 52.91, 99285, 2202, 0, 0
1876, 0, 589, 590, 326, 1, 8.97%, 0, 0, 7, 51.50, 99536, 2202, 0, 0
1881, 1, 6, 590, 325, 0, 8.97%, 0, 0, 7, 53.02, 99811, 2202, 0, 0
1886, 1, 11, 590, 323, 0, 8.97%, 0, 0, 7, 53.25, 100078, 2202, 0, 0
1891, 1, 28, 592, 323, 0, 8.97%, 0, 0, 7, 54.42, 100352, 2202, 0, 0
1896, 1, 58, 593, 320, 0, 8.97%, 0, 0, 7, 54.26, 100623, 2202, 0, 0
1901, 1, 63, 594, 320, 0, 8.97%, 0, 0, 7, 53.66, 100891, 2202, 0, 0
1906, 1, 70, 596, 320, 0, 8.97%, 0, 0, 7, 54.21, 101174, 2202, 0, 0
1911, 1, 82, 598, 320, 0, 8.97%, 0, 0, 7, 54.40, 101450, 2202, 0, 0
1916, 1, 90, 598, 319, 0, 8.97%, 0, 0, 7, 54.11, 101726, 2202, 0, 0
1921, 1, 100, 599, 318, 0, 8.97%, 0, 0, 7, 54.27, 101998, 2202, 0, 0
1927, 1, 103, 600, 319, 0, 8.97%, 0, 0, 7, 54.56, 102281, 2202, 0, 0
1932, 1, 107, 600, 316, 0, 8.97%, 0, 0, 7, 54.02, 102559, 2202, 0, 0
1937, 1, 113, 601, 317, 0, 8.97%, 0, 0, 7, 52.02, 102828, 2202, 0, 0
1942, 1, 123, 601, 316, 0, 8.97%, 0, 0, 7, 54.06, 103110, 2202, 0, 0
1947, 1, 128, 601, 316, 0, 8.97%, 0, 0, 7, 54.30, 103382, 2202, 0, 0
1952, 1, 137, 601, 314, 0, 8.97%, 0, 0, 7, 54.41, 103657, 2202, 0, 0
1957, 1, 146, 601, 313, 0, 8.97%, 0, 0, 7, 54.64, 103931, 2202, 0, 0
1962, 1, 155, 602, 314, 0, 8.97%, 0, 0, 7, 54.46, 104206, 2202, 0, 0
1967, 1, 161, 602, 314, 0, 8.97%, 0, 0, 7, 54.39, 104479, 2202, 0, 0
1972, 1, 166, 602, 312, 0, 8.97%, 0, 0, 7, 54.16, 104755, 2202, 0, 0
1977, 1, 172, 602, 310, 0, 8.97%, 0, 0, 7, 54.03, 105028, 2202, 0, 0
1983, 1, 176, 602, 308, 0, 8.97%, 0, 0, 7, 54.41, 105309, 2202, 0, 0
1988, 1, 184, 602, 308, 0, 8.97%, 0, 0, 7, 54.53, 105582, 2202, 0, 0
1993, 1, 190, 603, 309, 0, 8.97%, 0, 0, 7, 54.13, 105856, 2202, 0, 0
1998, 1, 194, 604, 308, 0, 8.97%, 0, 0, 7, 54.27, 106131, 2202, 0, 0
2003, 1, 203, 604, 307, 0, 8.97%, 0, 0, 7, 54.48, 106404, 2202, 0, 0
2008, 1, 211, 604, 307, 0, 8.97%, 0, 0, 7, 54.47, 106676, 2202, 0, 0
2013, 1, 218, 606, 308, 0, 9.06%, 0, 0, 7, 54.29, 106949, 2225, 0, 0
2018, 1, 384, 621, 322, 1, 9.11%, 0, 0, 7, 53.90, 107234, 2235, 0, 0
2023, 1, 384, 649, 350, 1, 9.13%, 0, 0, 7, 54.13, 107509, 2242, 0, 0
2028, 1, 605, 654, 355, 15, 9.15%, 0, 0, 8, 54.46, 107784, 2245, 0, 0
2033, 1, 605, 655, 356, 15, 9.15%, 0, 0, 8, 54.18, 108046, 2245, 0, 0
2038, 1, 611, 655, 355, 14, 9.15%, 0, 0, 8, 53.16, 108317, 2245, 0, 0
2044, 1, 619, 655, 353, 12, 9.15%, 0, 0, 8, 52.01, 108585, 2245, 0, 0
2049, 1, 620, 655, 352, 11, 9.15%, 0, 0, 8, 53.62, 108863, 2245, 0, 0
2054, 1, 621, 655, 351, 10, 9.15%, 0, 0, 8, 50.46, 109112, 2245, 0, 0
2059, 1, 642, 655, 349, 8, 9.15%, 0, 0, 8, 52.18, 109381, 2245, 0, 0
2064, 1, 643, 657, 350, 7, 9.15%, 0, 0, 8, 51.07, 109636, 2245, 0, 0
2069, 1, 646, 657, 349, 6, 9.15%, 0, 0, 8, 52.14, 109895, 2245, 0, 0
2074, 1, 647, 659, 350, 5, 9.15%, 0, 0, 8, 53.57, 110167, 2247, 0, 0
2079, 1, 650, 659, 348, 4, 9.15%, 0, 0, 8, 52.83, 110434, 2247, 0, 0
2085, 1, 651, 659, 347, 3, 9.15%, 0, 0, 8, 52.39, 110695, 2247, 0, 0
2091, 1, 657, 659, 345, 1, 9.15%, 0, 0, 8, 52.27, 111007, 2247, 0, 0
2096, 1, 658, 659, 344, 0, 9.15%, 0, 0, 8, 52.35, 111269, 2247, 0, 0
2101, 2, 5, 661, 345, 0, 9.15%, 0, 0, 8, 53.77, 111549, 2247, 0, 0
2106, 2, 17, 661, 344, 0, 9.15%, 0, 0, 8, 54.44, 111830, 2247, 0, 0
2111, 2, 51, 662, 344, 0, 9.15%, 0, 0, 8, 52.27, 112083, 2247, 0, 0
2116, 2, 311, 664, 345, 1, 9.16%, 0, 0, 8, 53.78, 112355, 2248, 0, 0
2121, 2, 427, 664, 345, 1, 9.16%, 0, 0, 8, 53.46, 112624, 2248, 0, 0
2126, 2, 663, 666, 345, 0, 9.16%, 0, 0, 8, 54.23, 112905, 2248, 0, 0
2131, 3, 230, 667, 345, 1, 9.16%, 0, 0, 8, 53.76, 113176, 2249, 0, 0
2138, 3, 439, 670, 346, 1, 9.16%, 0, 0, 8, 53.35, 113543, 2249, 0, 0
2143, 3, 576, 671, 345, 1, 9.16%, 0, 0, 8, 53.29, 113817, 2249, 0, 0
2148, 3, 670, 673, 346, 2, 9.17%, 0, 0, 8, 53.66, 114086, 2250, 0, 0
2154, 3, 671, 673, 345, 1, 9.17%, 0, 0, 8, 52.75, 114351, 2250, 0, 0
2159, 4, 12, 675, 346, 0, 9.17%, 0, 0, 8, 53.42, 114629, 2250, 0, 0
2164, 4, 26, 676, 347, 0, 9.17%, 0, 0, 8, 53.66, 114906, 2250, 0, 0
2169, 4, 57, 676, 344, 0, 9.17%, 0, 0, 8, 53.13, 115176, 2250, 0, 0
2174, 4, 69, 677, 344, 0, 9.17%, 0, 0, 8, 52.98, 115450, 2250, 0, 0
2179, 4, 72, 677, 343, 0, 9.17%, 0, 0, 8, 54.03, 115723, 2250, 0, 0
2184, 4, 88, 677, 342, 0, 9.17%, 0, 0, 8, 52.82, 115990, 2250, 0, 0
2190, 4, 100, 678, 343, 0, 9.17%, 0, 0, 8, 53.33, 116266, 2250, 0, 0
2195, 4, 111, 679, 344, 0, 9.17%, 0, 0, 8, 54.37, 116543, 2250, 0, 0
2200, 4, 118, 681, 346, 0, 9.17%, 0, 0, 8, 55.51, 116833, 2250, 0, 0
2205, 4, 124, 681, 345, 0, 9.17%, 0, 0, 8, 55.31, 117115, 2250, 0, 0
2210, 4, 128, 682, 345, 0, 9.17%, 0, 0, 8, 54.65, 117391, 2250, 0, 0
2215, 4, 137, 682, 343, 0, 9.17%, 0, 0, 8, 54.64, 117669, 2250, 0, 0
2220, 4, 144, 683, 343, 0, 9.17%, 0, 0, 8, 54.61, 117952, 2250, 0, 0
2225, 4, 151, 684, 344, 0, 9.17%, 0, 0, 8, 54.61, 118226, 2250, 0, 0
2230, 4, 159, 684, 344, 0, 9.17%, 0, 0, 8, 54.24, 118499, 2250, 0, 0
2235, 4, 174, 684, 343, 0, 9.17%, 0, 0, 8, 54.23, 118771, 2250, 0, 0
2241, 4, 184, 684, 341, 0, 9.17%, 0, 0, 8, 54.24, 119049, 2250, 0, 0
2246, 4, 193, 684, 340, 0, 9.17%, 0, 0, 8, 54.92, 119324, 2250, 0, 0
2251, 4, 401, 685, 340, 1, 9.17%, 0, 0, 8, 54.40, 119606, 2250, 0, 0
2256, 4, 652, 688, 342, 1, 9.17%, 0, 0, 8, 53.87, 119884, 2250, 0, 0
2261, 4, 684, 689, 342, 1, 9.17%, 0, 0, 8, 54.45, 120166, 2250, 0, 0
2266, 4, 684, 689, 342, 1, 9.17%, 0, 0, 8, 53.82, 120438, 2250, 0, 0
2271, 4, 684, 691, 344, 1, 9.17%, 0, 0, 8, 54.46, 120713, 2250, 0, 0
2276, 4, 684, 692, 345, 1, 9.17%, 0, 0, 8, 54.08, 120993, 2251, 0, 0
2282, 4, 684, 693, 346, 1, 9.17%, 0, 0, 8, 54.44, 121275, 2251, 0, 0
2287, 4, 684, 694, 347, 1, 9.17%, 0, 0, 8, 53.74, 121549, 2251, 0, 0
2292, 4, 684, 695, 348, 1, 9.17%, 0, 0, 8, 53.42, 121822, 2251, 0, 0
2297, 4, 684, 695, 348, 1, 9.17%, 0, 0, 8, 53.59, 122096, 2251, 0, 0
2302, 4, 684, 695, 348, 1, 9.17%, 0, 0, 8, 53.51, 122370, 2251, 0, 0
2307, 4, 684, 695, 348, 1, 9.17%, 0, 0, 8, 53.85, 122645, 2251, 0, 0
2312, 4, 684, 696, 349, 1, 9.19%, 0, 0, 8, 53.90, 122920, 2256, 0, 0
2317, 4, 684, 696, 349, 1, 9.19%, 0, 0, 8, 53.88, 123197, 2256, 0, 0
2322, 4, 684, 696, 349, 1, 9.19%, 0, 0, 8, 53.72, 123472, 2256, 0, 0
2328, 4, 684, 696, 349, 1, 9.19%, 0, 0, 8, 53.61, 123747, 2256, 0, 0
2333, 4, 684, 696, 349, 1, 9.19%, 0, 0, 8, 53.86, 124022, 2256, 0, 0
2338, 4, 684, 696, 349, 1, 9.19%, 0, 0, 8, 53.79, 124297, 2256, 0, 0
2343, 4, 684, 696, 349, 1, 9.19%, 0, 0, 8, 53.60, 124572, 2256, 0, 0
2348, 4, 684, 696, 349, 1, 9.19%, 0, 0, 8, 53.68, 124847, 2256, 0, 0
2353, 4, 684, 696, 349, 1, 9.19%, 0, 0, 8, 53.72, 125122, 2256, 0, 0
2358, 4, 684, 697, 350, 1, 9.19%, 0, 0, 8, 53.85, 125399, 2256, 0, 0
2363, 4, 685, 697, 350, 1, 9.19%, 0, 0, 8, 55.03, 125638, 2256, 0, 0
2363, 4, 685, 697, 350, 1, 9.19%, 0, 0, 8, 0.00, 125638, 2256, 0, 0
2363, 4, 685, 697, 350, 1, 9.19%, 0, 0, 8, 0.00, 125638, 2256, 0, 0
2363, 4, 685, 697, 350, 1, 9.19%, 0, 0, 8, 0.00, 125638, 2256, 0, 0
