# relative_time, cycles_done, cur_item, corpus_count, pending_total, pending_favs, map_size, saved_crashes, saved_hangs, max_depth, execs_per_sec, total_execs, edges_found, total_crashes, servers_count
62, 0, 5, 258, 199, 46, 54.71%, 0, 4, 2, 4.34, 4073, 714, 0, 0
69, 0, 5, 269, 210, 46, 55.71%, 0, 4, 2, 9.20, 4229, 727, 0, 0
76, 0, 5, 271, 212, 46, 55.79%, 0, 4, 2, 8.90, 4257, 728, 0, 0
83, 0, 5, 273, 214, 46, 55.79%, 0, 4, 2, 9.36, 4290, 728, 0, 0
89, 0, 5, 292, 233, 46, 56.78%, 0, 4, 2, 56.61, 4592, 741, 0, 0
96, 0, 5, 294, 235, 46, 56.78%, 0, 4, 2, 4.42, 4627, 741, 0, 0
103, 0, 5, 297, 238, 46, 56.78%, 0, 4, 2, 5.47, 4684, 741, 0, 0
111, 0, 5, 308, 249, 46, 57.32%, 0, 4, 2, 15.53, 4867, 748, 0, 0
117, 0, 5, 309, 250, 46, 57.32%, 0, 4, 2, 2.14, 4881, 748, 0, 0
124, 0, 5, 311, 252, 46, 57.32%, 0, 4, 2, 2.76, 4917, 748, 0, 0
135, 0, 5, 318, 259, 46, 57.32%, 0, 5, 2, 6.19, 5050, 748, 0, 0
144, 0, 5, 323, 264, 46, 57.47%, 0, 5, 2, 2.45, 5165, 750, 0, 0
149, 0, 5, 330, 271, 46, 57.85%, 0, 6, 2, 34.74, 5291, 755, 0, 0
156, 0, 5, 333, 274, 46, 57.85%, 0, 6, 2, 2.30, 5342, 755, 0, 0
165, 0, 5, 335, 276, 46, 57.93%, 0, 6, 2, 2.38, 5398, 756, 0, 0
172, 0, 5, 338, 279, 46, 57.93%, 0, 6, 2, 3.97, 5456, 756, 0, 0
181, 0, 5, 341, 282, 46, 58.08%, 0, 6, 2, 2.60, 5524, 758, 0, 0
186, 0, 5, 350, 291, 46, 58.85%, 0, 6, 2, 15.59, 5701, 768, 0, 0
191, 0, 5, 355, 296, 46, 59.08%, 0, 6, 2, 84.60, 5848, 771, 0, 0
197, 0, 5, 357, 298, 46, 59.08%, 0, 8, 2, 13.44, 5903, 771, 0, 0
204, 0, 5, 358, 299, 46, 59.08%, 0, 8, 2, 1.99, 5956, 771, 0, 0
210, 0, 5, 361, 302, 46, 59.08%, 0, 9, 2, 2.49, 6047, 771, 0, 0
215, 0, 5, 363, 304, 46, 59.08%, 0, 9, 2, 16.08, 6110, 771, 0, 0
223, 0, 5, 364, 305, 46, 59.08%, 0, 9, 2, 2.14, 6139, 771, 0, 0
234, 0, 5, 366, 307, 46, 59.08%, 0, 10, 2, 12.63, 6200, 771, 0, 0
242, 0, 5, 369, 310, 46, 59.23%, 0, 10, 2, 12.06, 6265, 773, 0, 0
247, 0, 5, 375, 316, 46, 59.46%, 0, 10, 2, 61.94, 6453, 776, 0, 0
255, 0, 5, 376, 317, 46, 59.54%, 0, 10, 2, 3.51, 6497, 777, 0, 0
261, 0, 5, 377, 318, 46, 59.54%, 0, 11, 2, 4.20, 6547, 777, 0, 0
267, 0, 5, 387, 328, 46, 59.62%, 0, 12, 2, 1.25, 6737, 778, 0, 0
272, 0, 5, 388, 329, 46, 59.62%, 0, 12, 2, 2.45, 6825, 778, 0, 0
278, 0, 5, 389, 330, 46, 59.62%, 0, 12, 2, 2.55, 6879, 778, 0, 0
287, 0, 5, 394, 335, 46, 59.92%, 0, 13, 2, 4.77, 6980, 782, 0, 0
293, 0, 5, 395, 336, 46, 59.92%, 0, 13, 2, 1.99, 7035, 782, 0, 0
298, 0, 5, 399, 340, 46, 59.92%, 0, 13, 2, 3.84, 7181, 782, 0, 0
303, 0, 5, 402, 343, 46, 59.92%, 0, 13, 2, 17.80, 7274, 782, 0, 0
308, 0, 5, 403, 344, 46, 59.92%, 0, 13, 2, 2.24, 7332, 782, 0, 0
313, 0, 5, 405, 346, 46, 60.00%, 0, 13, 2, 49.04, 7402, 783, 0, 0
320, 0, 5, 407, 348, 46, 60.00%, 0, 14, 2, 1.55, 7475, 783, 0, 0
326, 0, 5, 408, 349, 46, 60.15%, 0, 14, 2, 3.97, 7582, 785, 0, 0
331, 0, 5, 409, 350, 46, 60.15%, 0, 14, 2, 5.70, 7645, 785, 0, 0
336, 0, 5, 411, 352, 46, 60.15%, 0, 14, 2, 11.58, 7737, 785, 0, 0
341, 0, 5, 412, 353, 46, 60.15%, 0, 14, 2, 20.82, 7834, 785, 0, 0
346, 0, 5, 412, 353, 46, 60.15%, 0, 14, 2, 16.24, 7894, 785, 0, 0
351, 0, 5, 412, 353, 46, 60.15%, 0, 14, 2, 3.12, 7947, 785, 0, 0
358, 0, 5, 414, 355, 46, 60.23%, 0, 14, 2, 3.23, 7980, 786, 0, 0
363, 0, 5, 415, 356, 46, 60.23%, 0, 14, 2, 40.74, 8052, 786, 0, 0
369, 0, 5, 416, 357, 46, 60.23%, 0, 16, 2, 6.60, 8132, 786, 0, 0
374, 0, 5, 419, 360, 46, 60.23%, 0, 16, 2, 5.69, 8235, 786, 0, 0
380, 0, 5, 419, 360, 46, 60.23%, 0, 16, 2, 8.52, 8299, 786, 0, 0
385, 0, 5, 421, 362, 46, 60.23%, 0, 17, 2, 9.16, 8364, 786, 0, 0
393, 0, 5, 422, 363, 46, 60.23%, 0, 17, 2, 9.71, 8400, 786, 0, 0
398, 0, 5, 423, 364, 46, 60.23%, 0, 17, 2, 1.99, 8464, 786, 0, 0
403, 0, 5, 426, 367, 46, 60.23%, 0, 17, 2, 8.21, 8596, 786, 0, 0
408, 0, 5, 426, 367, 46, 60.23%, 0, 17, 2, 1.99, 8667, 786, 0, 0
413, 0, 5, 427, 368, 46, 60.31%, 0, 18, 2, 1.99, 8715, 787, 0, 0
419, 0, 5, 428, 369, 46, 60.38%, 0, 18, 2, 12.64, 8777, 788, 0, 0
424, 0, 5, 428, 369, 46, 60.38%, 0, 20, 2, 23.99, 8815, 788, 0, 0
435, 0, 5, 430, 371, 46, 60.38%, 0, 20, 2, 1.99, 8928, 788, 0, 0
440, 0, 5, 433, 374, 46, 60.38%, 0, 20, 2, 1.98, 9029, 788, 0, 0
445, 0, 5, 433, 374, 46, 60.38%, 0, 20, 2, 13.68, 9111, 788, 0, 0
451, 0, 5, 434, 375, 46, 60.38%, 0, 20, 2, 5.68, 9181, 788, 0, 0
456, 0, 5, 435, 376, 46, 60.38%, 0, 20, 2, 7.18, 9240, 788, 0, 0
461, 0, 5, 436, 377, 46, 60.38%, 0, 20, 2, 17.05, 9333, 788, 0, 0
466, 0, 5, 438, 379, 46, 60.38%, 0, 21, 2, 20.77, 9446, 788, 0, 0
472, 0, 5, 439, 380, 46, 60.38%, 0, 21, 2, 13.64, 9503, 788, 0, 0
477, 0, 5, 442, 383, 46, 60.38%, 0, 21, 2, 41.80, 9610, 788, 0, 0
482, 0, 5, 442, 383, 46, 60.38%, 0, 21, 2, 4.21, 9656, 788, 0, 0
487, 0, 5, 444, 385, 46, 60.46%, 0, 21, 2, 1.66, 9741, 789, 0, 0
493, 0, 5, 447, 388, 46, 60.54%, 0, 21, 2, 18.62, 9854, 790, 0, 0
498, 0, 5, 447, 388, 46, 60.54%, 0, 21, 2, 15.11, 9931, 790, 0, 0
503, 0, 5, 448, 389, 46, 60.54%, 0, 21, 2, 6.68, 9992, 790, 0, 0
509, 0, 5, 449, 390, 46, 60.54%, 0, 22, 2, 16.82, 10104, 790, 0, 0
514, 0, 5, 449, 390, 46, 60.54%, 0, 23, 2, 4.43, 10199, 790, 0, 0
519, 0, 5, 450, 391, 46, 60.54%, 0, 23, 2, 24.05, 10326, 790, 0, 0
525, 0, 5, 451, 392, 46, 60.54%, 0, 24, 2, 3.10, 10391, 790, 0, 0
530, 0, 5, 453, 394, 46, 60.61%, 0, 24, 2, 32.88, 10527, 791, 0, 0
536, 0, 5, 454, 395, 46, 60.61%, 0, 24, 2, 24.85, 10614, 791, 0, 0
541, 0, 5, 454, 395, 46, 60.61%, 0, 25, 2, 20.20, 10681, 791, 0, 0
546, 0, 5, 456, 397, 46, 60.69%, 0, 25, 2, 18.87, 10774, 792, 0, 0
551, 0, 5, 456, 397, 46, 60.69%, 0, 25, 2, 11.67, 10817, 792, 0, 0
558, 0, 5, 457, 398, 46, 60.69%, 0, 26, 2, 17.40, 10891, 792, 0, 0
564, 0, 5, 458, 399, 46, 60.77%, 0, 26, 2, 16.58, 10920, 793, 0, 0
570, 0, 5, 459, 400, 46, 60.77%, 0, 26, 2, 21.83, 11050, 793, 0, 0
575, 0, 5, 461, 402, 46, 60.77%, 0, 27, 2, 73.64, 11154, 793, 0, 0
580, 0, 5, 461, 402, 46, 60.77%, 0, 28, 2, 6.62, 11200, 793, 0, 0
586, 0, 5, 461, 402, 46, 60.77%, 0, 29, 2, 3.61, 11236, 793, 0, 0
591, 0, 5, 461, 402, 46, 60.77%, 0, 29, 2, 22.48, 11330, 793, 0, 0
596, 0, 5, 462, 403, 46, 60.77%, 0, 29, 2, 6.10, 11417, 793, 0, 0
601, 0, 5, 462, 403, 46, 60.77%, 0, 29, 2, 13.67, 11496, 793, 0, 0
607, 0, 5, 466, 407, 46, 60.84%, 0, 29, 2, 20.01, 11642, 794, 0, 0
612, 0, 5, 467, 408, 46, 60.84%, 0, 29, 2, 11.76, 11719, 794, 0, 0
617, 0, 5, 467, 408, 46, 60.84%, 0, 29, 2, 4.92, 11805, 794, 0, 0
622, 0, 5, 467, 408, 46, 60.84%, 0, 30, 2, 6.74, 11854, 794, 0, 0
628, 0, 5, 469, 410, 46, 60.84%, 0, 30, 2, 5.80, 11945, 794, 0, 0
633, 0, 5, 469, 410, 46, 60.84%, 0, 30, 2, 7.80, 12000, 794, 0, 0
638, 0, 5, 469, 410, 46, 60.84%, 0, 31, 2, 7.89, 12039, 794, 0, 0
643, 0, 5, 470, 411, 46, 60.84%, 0, 31, 2, 1.99, 12122, 794, 0, 0
653, 0, 5, 472, 413, 46, 60.92%, 0, 31, 2, 7.37, 12176, 795, 0, 0
658, 0, 5, 472, 413, 46, 60.92%, 0, 32, 2, 8.69, 12265, 795, 0, 0
663, 0, 5, 474, 415, 46, 60.92%, 0, 32, 2, 29.23, 12437, 795, 0, 0
665, 0, 6, 474, 415, 46, 60.92%, 0, 32, 2, 31.78, 12475, 795, 0, 0
665, 0, 6, 474, 415, 46, 60.92%, 0, 32, 2, 0.00, 12475, 795, 0, 0
665, 0, 6, 474, 415, 46, 60.92%, 0, 32, 2, 0.00, 12475, 795, 0, 0
665, 0, 6, 474, 415, 46, 60.92%, 0, 32, 2, 0.00, 12475, 795, 0, 0
