# relative_time, cycles_done, cur_item, corpus_count, pending_total, pending_favs, map_size, saved_crashes, saved_hangs, max_depth, execs_per_sec, total_execs, edges_found, total_crashes, servers_count
61, 0, 0, 208, 192, 20, 7.54%, 0, 0, 2, 54.27, 3919, 1850, 0, 0
66, 0, 0, 210, 194, 20, 7.55%, 0, 0, 2, 54.20, 4202, 1852, 0, 0
71, 0, 0, 212, 196, 20, 7.56%, 0, 0, 2, 54.25, 4479, 1855, 0, 0
76, 0, 0, 215, 199, 20, 7.56%, 0, 0, 2, 54.31, 4755, 1856, 0, 0
82, 0, 0, 218, 202, 20, 7.56%, 0, 0, 2, 54.66, 5039, 1856, 0, 0
87, 0, 0, 222, 206, 20, 7.58%, 0, 0, 2, 55.02, 5314, 1860, 0, 0
92, 0, 0, 224, 208, 20, 7.58%, 0, 0, 2, 55.38, 5594, 1860, 0, 0
97, 0, 0, 228, 212, 20, 7.62%, 0, 0, 2, 55.01, 5876, 1870, 0, 0
102, 0, 0, 230, 214, 20, 7.65%, 0, 0, 2, 54.68, 6151, 1878, 0, 0
107, 0, 0, 231, 215, 20, 7.66%, 0, 0, 2, 55.47, 6437, 1879, 0, 0
112, 0, 0, 233, 217, 20, 7.66%, 0, 0, 2, 54.73, 6717, 1879, 0, 0
117, 0, 0, 233, 217, 20, 7.66%, 0, 0, 2, 54.69, 6996, 1879, 0, 0
122, 0, 0, 236, 220, 20, 7.66%, 0, 0, 2, 54.63, 7274, 1881, 0, 0
128, 0, 0, 238, 222, 20, 7.67%, 0, 0, 2, 54.11, 7553, 1883, 0, 0
133, 0, 0, 240, 224, 20, 7.68%, 0, 0, 2, 54.17, 7833, 1884, 0, 0
138, 0, 0, 240, 224, 20, 7.68%, 0, 0, 2, 53.33, 8098, 1884, 0, 0
143, 0, 9, 242, 225, 101, 7.68%, 0, 0, 2, 53.92, 8382, 1884, 0, 0
148, 0, 9, 254, 237, 101, 7.70%, 0, 0, 2, 52.92, 8660, 1889, 0, 0
153, 0, 9, 258, 241, 101, 7.70%, 0, 0, 2, 53.29, 8927, 1889, 0, 0
158, 0, 9, 264, 247, 101, 7.72%, 0, 0, 2, 52.79, 9198, 1896, 0, 0
164, 0, 9, 267, 250, 101, 7.73%, 0, 0, 2, 53.10, 9468, 1897, 0, 0
169, 0, 9, 269, 252, 101, 7.74%, 0, 0, 2, 53.28, 9743, 1899, 0, 0
174, 0, 9, 272, 255, 101, 7.77%, 0, 0, 2, 52.98, 10014, 1906, 0, 0
179, 0, 9, 277, 260, 101, 7.78%, 0, 0, 2, 53.61, 10292, 1909, 0, 0
184, 0, 9, 278, 261, 101, 7.78%, 0, 0, 2, 53.92, 10568, 1909, 0, 0
189, 0, 9, 281, 264, 101, 7.78%, 0, 0, 2, 53.71, 10846, 1909, 0, 0
194, 0, 9, 284, 267, 101, 7.81%, 0, 0, 2, 53.83, 11119, 1916, 0, 0
199, 0, 9, 286, 269, 101, 7.81%, 0, 0, 2, 53.73, 11391, 1917, 0, 0
205, 0, 9, 286, 269, 101, 7.81%, 0, 0, 2, 53.90, 11669, 1917, 0, 0
210, 0, 9, 286, 269, 101, 7.81%, 0, 0, 2, 54.07, 11944, 1917, 0, 0
215, 0, 9, 287, 270, 101, 7.81%, 0, 0, 2, 53.82, 12213, 1917, 0, 0
220, 0, 9, 289, 272, 101, 7.81%, 0, 0, 2, 53.72, 12489, 1917, 0, 0
225, 0, 9, 289, 272, 101, 7.81%, 0, 0, 2, 54.01, 12765, 1917, 0, 0
230, 0, 9, 289, 272, 101, 7.81%, 0, 0, 2, 52.71, 13036, 1917, 0, 0
235, 0, 9, 290, 273, 101, 7.81%, 0, 0, 2, 53.63, 13313, 1917, 0, 0
240, 0, 9, 291, 274, 101, 7.81%, 0, 0, 2, 53.45, 13586, 1917, 0, 0
245, 0, 9, 295, 278, 101, 7.81%, 0, 0, 2, 53.08, 13850, 1917, 0, 0
251, 0, 9, 295, 278, 101, 7.81%, 0, 0, 2, 53.37, 14125, 1917, 0, 0
256, 0, 9, 296, 279, 101, 7.82%, 0, 0, 2, 53.56, 14394, 1919, 0, 0
261, 0, 9, 299, 282, 101, 7.82%, 0, 0, 2, 52.96, 14664, 1920, 0, 0
266, 0, 9, 300, 283, 101, 7.82%, 0, 0, 2, 52.99, 14938, 1920, 0, 0
272, 0, 10, 301, 283, 108, 7.82%, 0, 0, 2, 53.54, 15265, 1920, 0, 0
277, 0, 70, 301, 282, 107, 7.82%, 0, 0, 2, 54.34, 15543, 1920, 0, 0
282, 0, 70, 301, 282, 107, 7.82%, 0, 0, 2, 54.54, 15819, 1920, 0, 0
287, 0, 70, 301, 282, 107, 7.82%, 0, 0, 2, 54.55, 16095, 1920, 0, 0
292, 0, 70, 301, 282, 107, 7.82%, 0, 0, 2, 54.48, 16372, 1920, 0, 0
297, 0, 70, 301, 282, 107, 7.82%, 0, 0, 2, 54.37, 16647, 1920, 0, 0
302, 0, 70, 301, 282, 107, 7.82%, 0, 0, 2, 54.50, 16922, 1920, 0, 0
307, 0, 70, 301, 282, 107, 7.82%, 0, 0, 2, 54.66, 17201, 1920, 0, 0
313, 0, 70, 302, 283, 107, 7.82%, 0, 0, 2, 54.38, 17477, 1920, 0, 0
318, 0, 70, 302, 283, 107, 7.82%, 0, 0, 2, 54.35, 17752, 1920, 0, 0
323, 0, 70, 302, 283, 107, 7.82%, 0, 0, 2, 54.21, 18027, 1920, 0, 0
328, 0, 70, 303, 284, 107, 7.82%, 0, 0, 2, 54.26, 18298, 1920, 0, 0
333, 0, 70, 303, 284, 107, 7.82%, 0, 0, 2, 54.95, 18584, 1920, 0, 0
338, 0, 70, 303, 284, 107, 7.82%, 0, 0, 2, 54.77, 18864, 1920, 0, 0
343, 0, 70, 303, 284, 107, 7.82%, 0, 0, 2, 54.47, 19139, 1920, 0, 0
348, 0, 70, 303, 284, 107, 7.82%, 0, 0, 2, 54.49, 19416, 1920, 0, 0
353, 0, 70, 303, 284, 107, 7.82%, 0, 0, 2, 54.31, 19691, 1920, 0, 0
358, 0, 70, 303, 284, 107, 7.82%, 0, 0, 2, 54.34, 19967, 1920, 0, 0
363, 0, 70, 303, 284, 107, 7.82%, 0, 0, 2, 54.46, 20242, 1920, 0, 0
368, 0, 70, 303, 284, 107, 7.82%, 0, 0, 2, 54.33, 20518, 1920, 0, 0
373, 0, 70, 303, 284, 107, 7.82%, 0, 0, 2, 54.40, 20793, 1920, 0, 0
379, 0, 70, 303, 284, 107, 7.82%, 0, 0, 2, 54.35, 21070, 1920, 0, 0
384, 0, 70, 303, 284, 107, 7.82%, 0, 0, 2, 54.33, 21346, 1920, 0, 0
389, 0, 70, 303, 284, 107, 7.82%, 0, 0, 2, 54.06, 21622, 1920, 0, 0
395, 0, 151, 303, 282, 105, 7.82%, 0, 0, 2, 53.96, 21943, 1920, 0, 0
400, 0, 123, 304, 282, 105, 7.82%, 0, 0, 3, 54.73, 22191, 1920, 0, 0
405, 0, 45, 306, 283, 104, 7.82%, 0, 0, 3, 54.07, 22462, 1920, 0, 0
410, 0, 49, 309, 285, 104, 7.83%, 0, 0, 3, 54.26, 22735, 1922, 0, 0
415, 0, 49, 313, 289, 104, 7.85%, 0, 0, 3, 54.07, 23005, 1926, 0, 0
420, 0, 49, 313, 289, 104, 7.85%, 0, 0, 3, 53.76, 23282, 1926, 0, 0
425, 0, 49, 316, 292, 104, 7.87%, 0, 0, 3, 53.89, 23562, 1932, 0, 0
430, 0, 49, 318, 294, 104, 7.87%, 0, 0, 3, 53.49, 23836, 1932, 0, 0
435, 0, 49, 319, 295, 104, 7.87%, 0, 0, 3, 53.20, 24102, 1932, 0, 0
440, 0, 49, 321, 297, 104, 7.87%, 0, 0, 3, 53.10, 24379, 1932, 0, 0
446, 0, 49, 323, 299, 104, 7.88%, 0, 0, 3, 53.18, 24649, 1935, 0, 0
451, 0, 49, 323, 299, 104, 7.88%, 0, 0, 3, 53.23, 24924, 1935, 0, 0
456, 0, 49, 323, 299, 104, 7.88%, 0, 0, 3, 53.28, 25199, 1935, 0, 0
461, 0, 49, 323, 299, 104, 7.88%, 0, 0, 3, 53.28, 25474, 1935, 0, 0
466, 0, 49, 325, 301, 104, 7.88%, 0, 0, 3, 53.02, 25739, 1935, 0, 0
471, 0, 49, 325, 301, 104, 7.88%, 0, 0, 3, 53.39, 26014, 1935, 0, 0
476, 0, 49, 325, 301, 104, 7.88%, 0, 0, 3, 53.02, 26289, 1935, 0, 0
481, 0, 49, 326, 302, 104, 7.88%, 0, 0, 3, 52.65, 26556, 1935, 0, 0
486, 0, 49, 327, 303, 104, 7.88%, 0, 0, 3, 53.33, 26824, 1935, 0, 0
492, 0, 49, 327, 303, 104, 7.88%, 0, 0, 3, 53.21, 27098, 1935, 0, 0
497, 0, 49, 328, 304, 104, 7.89%, 0, 0, 3, 53.03, 27373, 1936, 0, 0
502, 0, 50, 328, 303, 111, 7.89%, 0, 0, 3, 53.08, 27662, 1936, 0, 0
507, 0, 52, 335, 309, 110, 7.93%, 0, 0, 3, 53.00, 27937, 1946, 0, 0
513, 0, 52, 335, 309, 110, 7.93%, 0, 0, 3, 53.18, 28212, 1946, 0, 0
518, 0, 52, 335, 309, 110, 7.93%, 0, 0, 3, 53.46, 28487, 1946, 0, 0
523, 0, 52, 335, 309, 110, 7.93%, 0, 0, 3, 53.30, 28762, 1946, 0, 0
528, 0, 52, 335, 309, 110, 7.93%, 0, 0, 3, 53.11, 29037, 1946, 0, 0
533, 0, 52, 335, 309, 110, 7.93%, 0, 0, 3, 53.28, 29312, 1946, 0, 0
538, 0, 52, 335, 309, 110, 7.93%, 0, 0, 3, 53.17, 29587, 1946, 0, 0
543, 0, 52, 337, 311, 110, 7.94%, 0, 0, 3, 53.20, 29854, 1949, 0, 0
548, 0, 52, 341, 315, 110, 7.95%, 0, 0, 3, 53.16, 30120, 1952, 0, 0
554, 0, 52, 341, 315, 110, 7.95%, 0, 0, 3, 53.23, 30395, 1952, 0, 0
559, 0, 52, 342, 316, 110, 7.96%, 0, 0, 3, 52.57, 30672, 1955, 0, 0
564, 0, 52, 343, 317, 110, 7.97%, 0, 0, 3, 52.17, 30936, 1956, 0, 0
569, 0, 52, 343, 317, 110, 7.97%, 0, 0, 3, 52.86, 31210, 1956, 0, 0
574, 0, 52, 343, 317, 110, 7.97%, 0, 0, 3, 53.32, 31485, 1956, 0, 0
579, 0, 52, 344, 318, 110, 7.97%, 0, 0, 3, 53.53, 31764, 1956, 0, 0
585, 0, 52, 344, 318, 110, 7.97%, 0, 0, 3, 53.16, 32039, 1956, 0, 0
590, 0, 52, 345, 319, 110, 7.98%, 0, 0, 3, 53.42, 32314, 1958, 0, 0
595, 0, 52, 346, 320, 110, 7.98%, 0, 0, 3, 53.19, 32591, 1959, 0, 0
600, 0, 52, 346, 320, 110, 7.98%, 0, 0, 3, 53.04, 32866, 1959, 0, 0
605, 0, 52, 347, 321, 110, 7.99%, 0, 0, 3, 53.18, 33134, 1962, 0, 0
610, 0, 52, 348, 322, 110, 8.00%, 0, 0, 3, 53.38, 33401, 1963, 0, 0
615, 0, 52, 348, 322, 110, 8.00%, 0, 0, 3, 53.66, 33676, 1963, 0, 0
620, 0, 52, 348, 322, 110, 8.00%, 0, 0, 3, 53.53, 33951, 1963, 0, 0
626, 0, 52, 349, 323, 110, 8.00%, 0, 0, 3, 53.45, 34229, 1963, 0, 0
631, 0, 52, 349, 323, 110, 8.00%, 0, 0, 3, 52.87, 34504, 1963, 0, 0
636, 0, 52, 349, 323, 110, 8.00%, 0, 0, 3, 52.96, 34779, 1963, 0, 0
641, 0, 52, 350, 324, 110, 8.00%, 0, 0, 3, 52.57, 35044, 1964, 0, 0
646, 0, 52, 350, 324, 110, 8.00%, 0, 0, 3, 52.72, 35308, 1964, 0, 0
651, 0, 52, 350, 324, 110, 8.00%, 0, 0, 3, 52.99, 35583, 1964, 0, 0
656, 0, 52, 351, 325, 110, 8.01%, 0, 0, 3, 52.61, 35852, 1965, 0, 0
661, 0, 52, 352, 326, 110, 8.01%, 0, 0, 3, 53.03, 36118, 1965, 0, 0
667, 0, 52, 352, 326, 110, 8.01%, 0, 0, 3, 53.19, 36393, 1965, 0, 0
672, 0, 52, 352, 326, 110, 8.01%, 0, 0, 3, 53.16, 36668, 1965, 0, 0
677, 0, 52, 352, 326, 110, 8.01%, 0, 0, 3, 53.28, 36942, 1965, 0, 0
682, 0, 52, 352, 326, 110, 8.01%, 0, 0, 3, 53.17, 37217, 1965, 0, 0
687, 0, 52, 353, 327, 110, 8.03%, 0, 0, 3, 52.98, 37492, 1971, 0, 0
693, 0, 52, 353, 327, 110, 8.03%, 0, 0, 3, 53.00, 37767, 1971, 0, 0
698, 0, 52, 354, 328, 110, 8.03%, 0, 0, 3, 52.84, 38036, 1972, 0, 0
703, 0, 52, 356, 330, 110, 8.03%, 0, 0, 3, 53.21, 38312, 1972, 0, 0
708, 0, 52, 356, 330, 110, 8.03%, 0, 0, 3, 53.36, 38588, 1972, 0, 0
713, 0, 52, 357, 331, 110, 8.04%, 0, 0, 3, 52.99, 38853, 1974, 0, 0
718, 0, 52, 358, 332, 110, 8.04%, 0, 0, 3, 52.74, 39126, 1974, 0, 0
723, 0, 52, 358, 332, 110, 8.04%, 0, 0, 3, 53.04, 39401, 1974, 0, 0
728, 0, 52, 358, 332, 110, 8.04%, 0, 0, 3, 53.31, 39676, 1974, 0, 0
734, 0, 52, 358, 332, 110, 8.04%, 0, 0, 3, 53.09, 39950, 1974, 0, 0
739, 0, 52, 358, 332, 110, 8.04%, 0, 0, 3, 52.94, 40225, 1974, 0, 0
744, 0, 52, 359, 333, 110, 8.04%, 0, 0, 3, 53.06, 40492, 1974, 0, 0
749, 0, 52, 359, 333, 110, 8.04%, 0, 0, 3, 52.63, 40756, 1974, 0, 0
754, 0, 52, 359, 333, 110, 8.04%, 0, 0, 3, 53.87, 41035, 1974, 0, 0
759, 0, 52, 359, 333, 110, 8.04%, 0, 0, 3, 53.98, 41311, 1974, 0, 0
764, 0, 52, 359, 333, 110, 8.04%, 0, 0, 3, 53.39, 41586, 1974, 0, 0
769, 0, 52, 359, 333, 110, 8.04%, 0, 0, 3, 54.14, 41867, 1974, 0, 0
775, 0, 52, 360, 334, 110, 8.04%, 0, 0, 3, 53.23, 42143, 1974, 0, 0
780, 0, 52, 361, 335, 110, 8.05%, 0, 0, 3, 53.06, 42410, 1975, 0, 0
785, 0, 52, 361, 335, 110, 8.05%, 0, 0, 3, 53.61, 42683, 1975, 0, 0
790, 0, 52, 361, 335, 110, 8.05%, 0, 0, 3, 53.75, 42958, 1975, 0, 0
795, 0, 69, 362, 334, 125, 8.05%, 0, 0, 3, 53.23, 43237, 1975, 0, 0
800, 0, 238, 363, 334, 124, 8.05%, 0, 0, 3, 51.95, 43508, 1976, 0, 0
805, 0, 81, 363, 333, 123, 8.05%, 0, 0, 3, 55.02, 43776, 1976, 0, 0
810, 0, 254, 363, 332, 122, 8.05%, 0, 0, 3, 51.19, 44028, 1976, 0, 0
816, 0, 236, 364, 332, 121, 8.06%, 0, 0, 3, 52.00, 44298, 1978, 0, 0
821, 0, 83, 366, 333, 121, 8.07%, 0, 0, 3, 47.69, 44585, 1980, 0, 0
826, 0, 83, 366, 333, 121, 8.07%, 0, 0, 3, 51.75, 44843, 1980, 0, 0
831, 0, 83, 367, 334, 121, 8.07%, 0, 0, 3, 52.75, 45115, 1980, 0, 0
837, 0, 83, 368, 335, 121, 8.07%, 0, 0, 3, 53.02, 45389, 1981, 0, 0
842, 0, 83, 369, 336, 121, 8.07%, 0, 0, 3, 53.12, 45657, 1981, 0, 0
847, 0, 83, 369, 336, 121, 8.07%, 0, 0, 3, 52.99, 45930, 1981, 0, 0
852, 0, 83, 369, 336, 121, 8.07%, 0, 0, 3, 51.97, 46189, 1981, 0, 0
857, 0, 83, 369, 336, 121, 8.07%, 0, 0, 3, 52.11, 46459, 1981, 0, 0
863, 0, 84, 370, 336, 122, 8.07%, 0, 0, 3, 52.20, 46777, 1982, 0, 0
868, 0, 84, 371, 337, 122, 8.13%, 0, 0, 3, 50.91, 47024, 1996, 0, 0
873, 0, 86, 374, 339, 122, 8.13%, 0, 0, 3, 50.80, 47287, 1996, 0, 0
878, 0, 86, 377, 342, 122, 8.13%, 0, 0, 3, 52.24, 47555, 1996, 0, 0
883, 0, 86, 377, 342, 122, 8.13%, 0, 0, 3, 52.60, 47825, 1996, 0, 0
889, 0, 86, 382, 347, 122, 8.13%, 0, 0, 3, 50.76, 48089, 1996, 0, 0
894, 0, 86, 386, 351, 122, 8.15%, 0, 0, 3, 50.48, 48349, 2000, 0, 0
899, 0, 86, 387, 352, 122, 8.16%, 0, 0, 3, 51.12, 48610, 2002, 0, 0
904, 0, 86, 389, 354, 122, 8.16%, 0, 0, 3, 49.86, 48861, 2004, 0, 0
909, 0, 86, 392, 357, 122, 8.18%, 0, 0, 3, 50.49, 49120, 2009, 0, 0
914, 0, 86, 394, 359, 122, 8.19%, 0, 0, 3, 50.52, 49374, 2010, 0, 0
919, 0, 86, 394, 359, 122, 8.19%, 0, 0, 3, 50.47, 49628, 2010, 0, 0
924, 0, 86, 396, 361, 122, 8.19%, 0, 0, 3, 50.32, 49885, 2010, 0, 0
929, 0, 86, 397, 362, 122, 8.19%, 0, 0, 3, 51.51, 50152, 2010, 0, 0
935, 0, 86, 397, 362, 122, 8.19%, 0, 0, 3, 51.56, 50412, 2010, 0, 0
940, 0, 86, 400, 365, 122, 8.19%, 0, 0, 3, 51.46, 50670, 2011, 0, 0
945, 0, 86, 400, 365, 122, 8.19%, 0, 0, 3, 51.26, 50927, 2011, 0, 0
950, 0, 86, 400, 365, 122, 8.19%, 0, 0, 3, 51.27, 51186, 2011, 0, 0
956, 0, 87, 400, 364, 128, 8.19%, 0, 0, 3, 51.73, 51523, 2011, 0, 0
961, 0, 87, 401, 365, 128, 8.19%, 0, 0, 3, 51.98, 51784, 2011, 0, 0
966, 0, 87, 401, 365, 128, 8.19%, 0, 0, 3, 52.28, 52053, 2011, 0, 0
972, 0, 87, 403, 367, 128, 8.20%, 0, 0, 3, 51.86, 52317, 2012, 0, 0
977, 0, 87, 406, 370, 128, 8.20%, 0, 0, 3, 52.41, 52588, 2012, 0, 0
982, 0, 87, 407, 371, 128, 8.20%, 0, 0, 3, 51.80, 52847, 2012, 0, 0
987, 0, 87, 408, 372, 128, 8.20%, 0, 0, 3, 51.40, 53105, 2012, 0, 0
992, 0, 87, 409, 373, 128, 8.20%, 0, 0, 3, 52.14, 53366, 2013, 0, 0
997, 0, 87, 411, 375, 128, 8.21%, 0, 0, 3, 51.38, 53627, 2014, 0, 0
1002, 0, 87, 412, 376, 128, 8.21%, 0, 0, 3, 51.50, 53891, 2016, 0, 0
1007, 0, 87, 414, 378, 128, 8.22%, 0, 0, 3, 51.50, 54157, 2018, 0, 0
1012, 0, 87, 414, 378, 128, 8.22%, 0, 0, 3, 51.82, 54420, 2018, 0, 0
1017, 0, 87, 417, 381, 128, 8.24%, 0, 0, 3, 51.38, 54680, 2023, 0, 0
1022, 0, 87, 418, 382, 128, 8.25%, 0, 0, 3, 50.57, 54940, 2025, 0, 0
1028, 0, 87, 420, 384, 128, 8.25%, 0, 0, 3, 50.71, 55204, 2025, 0, 0
1033, 0, 87, 420, 384, 128, 8.25%, 0, 0, 3, 50.19, 55459, 2025, 0, 0
1039, 0, 88, 420, 383, 134, 8.25%, 0, 0, 3, 51.04, 55761, 2025, 0, 0
1044, 0, 88, 420, 383, 134, 8.25%, 0, 0, 3, 50.75, 56017, 2025, 0, 0
1049, 0, 218, 420, 382, 133, 8.25%, 0, 0, 3, 0.00, 56273, 2025, 0, 0
1054, 0, 299, 421, 382, 132, 8.25%, 0, 0, 3, 53.92, 56532, 2025, 0, 0
1059, 0, 299, 421, 382, 132, 8.25%, 0, 0, 3, 53.50, 56806, 2025, 0, 0
1064, 0, 395, 422, 382, 131, 8.25%, 0, 0, 3, 54.00, 57085, 2025, 0, 0
1070, 0, 130, 423, 382, 131, 8.25%, 0, 0, 3, 52.55, 57381, 2025, 0, 0
1075, 0, 130, 423, 382, 131, 8.25%, 0, 0, 3, 53.48, 57642, 2025, 0, 0
1080, 0, 89, 423, 381, 130, 8.25%, 0, 0, 3, 52.81, 57904, 2025, 0, 0
1085, 0, 96, 423, 380, 129, 8.25%, 0, 0, 3, 53.52, 58164, 2025, 0, 0
1090, 0, 93, 423, 379, 128, 8.25%, 0, 0, 3, 53.35, 58429, 2025, 0, 0
1095, 0, 99, 423, 378, 127, 8.25%, 0, 0, 3, 54.83, 58696, 2025, 0, 0
1100, 0, 99, 424, 379, 127, 8.25%, 0, 0, 3, 54.66, 58977, 2026, 0, 0
1105, 0, 102, 424, 378, 127, 8.25%, 0, 0, 3, 53.66, 59253, 2026, 0, 0
1110, 0, 102, 424, 378, 127, 8.25%, 0, 0, 3, 53.91, 59526, 2026, 0, 0
1116, 0, 198, 424, 377, 126, 8.25%, 0, 0, 3, 55.00, 59795, 2026, 0, 0
1121, 0, 106, 426, 378, 125, 8.27%, 0, 0, 3, 54.43, 60067, 2031, 0, 0
1126, 0, 106, 427, 379, 125, 8.27%, 0, 0, 3, 54.65, 60352, 2031, 0, 0
1131, 0, 106, 427, 379, 125, 8.27%, 0, 0, 3, 54.24, 60622, 2031, 0, 0
1136, 0, 106, 428, 380, 125, 8.27%, 0, 0, 3, 54.30, 60905, 2031, 0, 0
1141, 0, 106, 428, 380, 125, 8.27%, 0, 0, 3, 53.75, 61178, 2031, 0, 0
1146, 0, 106, 428, 380, 125, 8.27%, 0, 0, 3, 54.16, 61459, 2031, 0, 0
1151, 0, 106, 428, 380, 125, 8.27%, 0, 0, 3, 52.98, 61728, 2031, 0, 0
1157, 0, 107, 428, 379, 125, 8.27%, 0, 0, 3, 54.10, 62038, 2031, 0, 0
1162, 0, 110, 428, 378, 124, 8.27%, 0, 0, 3, 54.19, 62302, 2031, 0, 0
1167, 0, 110, 429, 379, 124, 8.28%, 0, 0, 3, 54.03, 62567, 2032, 0, 0
1172, 0, 111, 429, 378, 124, 8.28%, 0, 0, 3, 52.20, 62837, 2032, 0, 0
1177, 0, 115, 430, 378, 123, 8.28%, 0, 0, 3, 54.38, 63116, 2033, 0, 0
1183, 0, 115, 433, 381, 123, 8.29%, 0, 0, 3, 54.27, 63389, 2035, 0, 0
1188, 0, 115, 434, 382, 123, 8.29%, 0, 0, 3, 54.89, 63672, 2036, 0, 0
1193, 0, 115, 434, 382, 123, 8.29%, 0, 0, 3, 54.89, 63954, 2036, 0, 0
1198, 0, 115, 434, 382, 123, 8.29%, 0, 0, 3, 55.67, 64242, 2036, 0, 0
1203, 0, 115, 434, 382, 123, 8.29%, 0, 0, 3, 53.98, 64514, 2036, 0, 0
1208, 0, 115, 435, 383, 123, 8.29%, 0, 0, 3, 53.98, 64787, 2036, 0, 0
1213, 0, 115, 435, 383, 123, 8.29%, 0, 0, 3, 54.07, 65062, 2036, 0, 0
1218, 0, 115, 435, 383, 123, 8.29%, 0, 0, 3, 54.28, 65339, 2036, 0, 0
1223, 0, 115, 435, 383, 123, 8.29%, 0, 0, 3, 53.81, 65613, 2036, 0, 0
1228, 0, 115, 435, 383, 123, 8.29%, 0, 0, 3, 53.65, 65886, 2036, 0, 0
1234, 0, 115, 435, 383, 123, 8.29%, 0, 0, 3, 53.58, 66162, 2036, 0, 0
1239, 0, 115, 437, 385, 123, 8.30%, 0, 0, 3, 54.18, 66438, 2037, 0, 0
1244, 0, 115, 437, 385, 123, 8.30%, 0, 0, 3, 54.58, 66715, 2037, 0, 0
1249, 0, 115, 437, 385, 123, 8.30%, 0, 0, 3, 53.89, 66988, 2037, 0, 0
1254, 0, 115, 437, 384, 122, 8.30%, 0, 0, 3, 53.63, 67258, 2037, 0, 0
1259, 0, 115, 455, 402, 122, 8.34%, 0, 0, 3, 53.69, 67534, 2047, 0, 0
1264, 0, 115, 484, 431, 122, 8.36%, 0, 0, 3, 52.99, 67809, 2053, 0, 0
1269, 0, 115, 517, 464, 122, 8.45%, 0, 0, 3, 54.24, 68085, 2075, 0, 0
1275, 0, 112, 541, 488, 149, 8.54%, 0, 0, 3, 52.69, 68367, 2096, 0, 0
1280, 0, 112, 542, 489, 149, 8.55%, 0, 0, 3, 53.13, 68645, 2098, 0, 0
1285, 0, 112, 546, 493, 149, 8.57%, 0, 0, 3, 54.37, 68927, 2103, 0, 0
1290, 0, 112, 546, 493, 149, 8.57%, 0, 0, 3, 54.76, 69205, 2103, 0, 0
1295, 0, 112, 546, 493, 149, 8.57%, 0, 0, 3, 54.45, 69482, 2103, 0, 0
1300, 0, 112, 546, 493, 149, 8.57%, 0, 0, 3, 55.06, 69763, 2103, 0, 0
1305, 0, 112, 546, 493, 149, 8.57%, 0, 0, 3, 54.79, 70045, 2103, 0, 0
1311, 0, 112, 547, 494, 149, 8.57%, 0, 0, 3, 55.00, 70328, 2104, 0, 0
1316, 0, 112, 547, 494, 149, 8.57%, 0, 0, 3, 55.03, 70610, 2104, 0, 0
1321, 0, 112, 547, 494, 149, 8.57%, 0, 0, 3, 54.89, 70887, 2104, 0, 0
1326, 0, 112, 548, 495, 149, 8.58%, 0, 0, 3, 53.67, 71158, 2105, 0, 0
1331, 0, 112, 548, 495, 149, 8.58%, 0, 0, 3, 53.85, 71428, 2105, 0, 0
1336, 0, 112, 548, 495, 149, 8.58%, 0, 0, 3, 54.08, 71699, 2105, 0, 0
1341, 0, 117, 548, 494, 155, 8.58%, 0, 0, 3, 49.43, 71960, 2105, 0, 0
1346, 0, 165, 549, 494, 154, 8.58%, 0, 0, 3, 52.77, 72233, 2106, 0, 0
1351, 0, 121, 549, 493, 153, 8.58%, 0, 0, 3, 52.44, 72504, 2106, 0, 0
1356, 0, 296, 549, 492, 152, 8.58%, 0, 0, 3, 54.15, 72784, 2106, 0, 0
1362, 0, 361, 549, 491, 151, 8.58%, 0, 0, 3, 53.36, 73092, 2106, 0, 0
1367, 0, 200, 549, 490, 150, 8.58%, 0, 0, 3, 51.80, 73348, 2106, 0, 0
1372, 0, 294, 549, 489, 149, 8.58%, 0, 0, 3, 55.09, 73613, 2106, 0, 0
1377, 0, 531, 549, 488, 148, 8.58%, 0, 0, 3, 50.73, 73870, 2106, 0, 0
1383, 0, 122, 549, 487, 147, 8.58%, 0, 0, 3, 51.85, 74133, 2106, 0, 0
1388, 0, 125, 549, 486, 146, 8.58%, 0, 0, 3, 53.38, 74404, 2106, 0, 0
1393, 0, 460, 549, 485, 145, 8.58%, 0, 0, 3, 54.37, 74700, 2106, 0, 0
1399, 0, 369, 549, 484, 144, 8.58%, 0, 0, 3, 52.97, 74988, 2106, 0, 0
1404, 0, 345, 549, 483, 143, 8.58%, 0, 0, 3, 52.89, 75252, 2106, 0, 0
1409, 0, 187, 549, 482, 142, 8.58%, 0, 0, 3, 52.43, 75514, 2106, 0, 0
1414, 0, 313, 549, 481, 141, 8.58%, 0, 0, 3, 52.66, 75777, 2106, 0, 0
1419, 0, 402, 549, 479, 139, 8.58%, 0, 0, 3, 52.15, 76040, 2106, 0, 0
1424, 0, 402, 549, 479, 139, 8.58%, 0, 0, 3, 53.00, 76308, 2106, 0, 0
1429, 0, 402, 549, 479, 139, 8.58%, 0, 0, 3, 53.73, 76583, 2106, 0, 0
1434, 0, 402, 549, 479, 139, 8.58%, 0, 0, 3, 53.65, 76864, 2106, 0, 0
1440, 0, 402, 549, 479, 139, 8.58%, 0, 0, 3, 53.12, 77136, 2106, 0, 0
1445, 0, 402, 549, 479, 139, 8.58%, 0, 0, 3, 52.30, 77407, 2106, 0, 0
1450, 0, 402, 549, 479, 139, 8.58%, 0, 0, 3, 52.55, 77680, 2106, 0, 0
1455, 0, 127, 549, 478, 138, 8.58%, 0, 0, 3, 51.92, 77952, 2106, 0, 0
1460, 0, 433, 549, 477, 137, 8.58%, 0, 0, 3, 52.83, 78219, 2106, 0, 0
1466, 0, 444, 549, 476, 136, 8.58%, 0, 0, 3, 49.63, 78466, 2106, 0, 0
1471, 0, 128, 550, 476, 135, 8.58%, 0, 0, 3, 50.17, 78724, 2107, 0, 0
1476, 0, 128, 551, 477, 135, 8.59%, 0, 0, 3, 53.15, 78998, 2108, 0, 0
1481, 0, 128, 551, 477, 135, 8.59%, 0, 0, 3, 52.87, 79269, 2108, 0, 0
1486, 0, 135, 551, 476, 136, 8.59%, 0, 0, 3, 53.98, 79549, 2108, 0, 0
1491, 0, 312, 551, 475, 135, 8.59%, 0, 0, 3, 53.04, 79806, 2108, 0, 0
1496, 0, 387, 551, 474, 134, 8.59%, 0, 0, 3, 53.35, 80081, 2108, 0, 0
1502, 0, 387, 551, 474, 134, 8.59%, 0, 0, 3, 52.11, 80339, 2108, 0, 0
1507, 0, 387, 551, 474, 134, 8.59%, 0, 0, 3, 52.25, 80608, 2108, 0, 0
1512, 0, 387, 551, 474, 134, 8.59%, 0, 0, 3, 53.33, 80881, 2108, 0, 0
1517, 0, 387, 551, 474, 134, 8.59%, 0, 0, 3, 53.48, 81153, 2108, 0, 0
1522, 0, 548, 551, 472, 132, 8.59%, 0, 0, 3, 53.80, 81417, 2108, 0, 0
1529, 0, 180, 551, 471, 131, 8.59%, 0, 0, 3, 54.45, 81767, 2108, 0, 0
1534, 0, 144, 551, 470, 130, 8.59%, 0, 0, 3, 54.02, 82034, 2108, 0, 0
1539, 0, 250, 551, 469, 129, 8.59%, 0, 0, 3, 51.80, 82303, 2108, 0, 0
1544, 0, 489, 551, 468, 128, 8.59%, 0, 0, 3, 51.46, 82566, 2108, 0, 0
1549, 0, 149, 552, 468, 128, 8.59%, 0, 0, 3, 51.35, 82832, 2109, 0, 0
1554, 0, 153, 554, 469, 127, 8.59%, 0, 0, 3, 51.59, 83099, 2109, 0, 0
1559, 0, 158, 554, 468, 127, 8.59%, 0, 0, 3, 52.20, 83361, 2109, 0, 0
1564, 0, 159, 555, 468, 126, 8.60%, 0, 0, 3, 52.01, 83626, 2111, 0, 0
1570, 0, 161, 555, 467, 126, 8.60%, 0, 0, 3, 51.99, 83895, 2111, 0, 0
1575, 0, 179, 555, 465, 124, 8.60%, 0, 0, 3, 52.04, 84156, 2111, 0, 0
1580, 0, 184, 555, 464, 123, 8.60%, 0, 0, 3, 51.87, 84413, 2111, 0, 0
1585, 0, 541, 555, 463, 122, 8.60%, 0, 0, 3, 51.95, 84682, 2111, 0, 0
1590, 0, 336, 555, 461, 120, 8.60%, 0, 0, 3, 53.74, 84944, 2111, 0, 0
1595, 0, 427, 556, 461, 119, 8.60%, 0, 0, 3, 53.71, 85214, 2112, 0, 0
1600, 0, 186, 556, 460, 119, 8.60%, 0, 0, 3, 4.88, 85478, 2112, 0, 0
1605, 0, 188, 556, 459, 118, 8.60%, 0, 0, 3, 55.56, 85749, 2112, 0, 0
1610, 0, 554, 556, 458, 117, 8.60%, 0, 0, 3, 53.40, 86021, 2112, 0, 0
1615, 0, 190, 557, 457, 115, 8.60%, 0, 0, 3, 53.19, 86291, 2112, 0, 0
1621, 0, 302, 557, 456, 114, 8.60%, 0, 0, 3, 52.31, 86548, 2112, 0, 0
1626, 0, 359, 557, 454, 112, 8.60%, 0, 0, 3, 51.31, 86806, 2112, 0, 0
1631, 0, 359, 559, 456, 112, 8.60%, 0, 0, 3, 53.75, 87085, 2112, 0, 0
1636, 0, 551, 560, 456, 111, 8.61%, 0, 0, 3, 52.63, 87353, 2113, 0, 0
1641, 0, 191, 560, 455, 111, 8.61%, 0, 0, 3, 52.35, 87621, 2113, 0, 0
1646, 0, 526, 561, 455, 110, 8.61%, 0, 0, 3, 54.97, 87895, 2114, 0, 0
1652, 0, 330, 561, 453, 109, 8.61%, 0, 0, 3, 53.71, 88185, 2114, 0, 0
1657, 0, 332, 561, 452, 108, 8.61%, 0, 0, 3, 52.71, 88439, 2114, 0, 0
1662, 0, 453, 561, 451, 107, 8.61%, 0, 0, 3, 53.55, 88708, 2114, 0, 0
1667, 0, 226, 561, 450, 106, 8.61%, 0, 0, 3, 52.61, 88983, 2114, 0, 0
1672, 0, 226, 564, 453, 106, 8.61%, 0, 0, 3, 55.14, 89266, 2114, 0, 0
1677, 0, 226, 564, 453, 106, 8.61%, 0, 0, 3, 55.73, 89552, 2114, 0, 0
1682, 0, 194, 564, 452, 105, 8.61%, 0, 0, 3, 55.76, 89834, 2114, 0, 0
1687, 0, 202, 564, 451, 104, 8.61%, 0, 0, 3, 53.10, 90095, 2114, 0, 0
1692, 0, 201, 564, 450, 103, 8.61%, 0, 0, 3, 52.55, 90360, 2114, 0, 0
1697, 0, 411, 564, 449, 102, 8.61%, 0, 0, 3, 53.45, 90636, 2114, 0, 0
1702, 0, 411, 564, 449, 102, 8.61%, 0, 0, 3, 53.14, 90897, 2114, 0, 0
1708, 0, 411, 564, 449, 102, 8.61%, 0, 0, 3, 53.71, 91172, 2114, 0, 0
1713, 0, 411, 564, 449, 102, 8.61%, 0, 0, 3, 53.67, 91447, 2114, 0, 0
1718, 0, 411, 564, 449, 102, 8.61%, 0, 0, 3, 53.45, 91722, 2114, 0, 0
1723, 0, 391, 564, 448, 101, 8.61%, 0, 0, 3, 53.25, 91995, 2114, 0, 0
1728, 0, 410, 564, 447, 101, 8.61%, 0, 0, 3, 44.33, 92227, 2114, 0, 0
1733, 0, 211, 564, 446, 100, 8.61%, 0, 0, 3, 49.20, 92497, 2114, 0, 0
1738, 0, 214, 564, 445, 99, 8.61%, 0, 0, 3, 51.98, 92755, 2114, 0, 0
1744, 0, 393, 564, 444, 98, 8.61%, 0, 0, 3, 53.22, 93037, 2114, 0, 0
1749, 0, 393, 564, 444, 98, 8.61%, 0, 0, 3, 49.79, 93290, 2114, 0, 0
1754, 0, 393, 564, 444, 98, 8.61%, 0, 0, 3, 50.66, 93554, 2114, 0, 0
1759, 0, 393, 564, 444, 98, 8.61%, 0, 0, 3, 50.47, 93814, 2114, 0, 0
1764, 0, 393, 564, 444, 98, 8.61%, 0, 0, 3, 49.64, 94069, 2114, 0, 0
1771, 0, 221, 564, 443, 97, 8.61%, 0, 0, 3, 50.53, 94394, 2114, 0, 0
1776, 0, 233, 564, 442, 96, 8.61%, 0, 0, 3, 50.64, 94650, 2114, 0, 0
1781, 0, 341, 564, 441, 95, 8.61%, 0, 0, 3, 46.64, 94876, 2114, 0, 0
1786, 0, 301, 564, 440, 94, 8.61%, 0, 0, 3, 50.83, 95129, 2114, 0, 0
1791, 0, 533, 564, 439, 93, 8.61%, 0, 0, 3, 53.10, 95400, 2114, 0, 0
1796, 0, 283, 564, 438, 92, 8.61%, 0, 0, 3, 50.67, 95652, 2114, 0, 0
1801, 0, 451, 564, 437, 91, 8.61%, 0, 0, 3, 51.31, 95916, 2114, 0, 0
1808, 0, 234, 565, 436, 90, 8.62%, 0, 0, 3, 53.95, 96268, 2115, 0, 0
1813, 0, 327, 565, 435, 89, 8.62%, 0, 0, 3, 52.51, 96530, 2115, 0, 0
1818, 0, 383, 565, 434, 88, 8.62%, 0, 0, 3, 53.29, 96805, 2115, 0, 0
1824, 0, 235, 566, 434, 87, 8.62%, 0, 0, 3, 52.14, 97090, 2115, 0, 0
1829, 0, 564, 566, 433, 86, 8.62%, 0, 0, 3, 51.32, 97343, 2115, 0, 0
1834, 0, 514, 567, 432, 84, 8.65%, 0, 0, 3, 52.06, 97619, 2123, 0, 0
1840, 0, 237, 568, 432, 85, 8.69%, 0, 0, 3, 51.97, 97920, 2133, 0, 0
1845, 0, 267, 568, 430, 83, 8.69%, 0, 0, 3, 50.85, 98176, 2133, 0, 0
1850, 0, 523, 568, 429, 82, 8.69%, 0, 0, 3, 50.12, 98430, 2133, 0, 0
1855, 0, 523, 569, 430, 82, 8.71%, 0, 0, 3, 53.86, 98705, 2139, 0, 0
1860, 0, 523, 569, 430, 82, 8.71%, 0, 0, 3, 54.21, 98979, 2139, 0, 0
1866, 0, 363, 569, 428, 81, 8.71%, 0, 0, 3, 49.12, 99250, 2139, 0, 0
1871, 0, 456, 569, 427, 80, 8.71%, 0, 0, 3, 54.62, 99516, 2139, 0, 0
1876, 0, 550, 569, 425, 78, 8.71%, 0, 0, 3, 52.12, 99775, 2139, 0, 0
1881, 0, 273, 569, 424, 77, 8.71%, 0, 0, 3, 54.82, 100045, 2139, 0, 0
1886, 0, 568, 570, 424, 76, 8.72%, 0, 0, 3, 53.35, 100307, 2140, 0, 0
1892, 0, 543, 570, 422, 75, 8.72%, 0, 0, 3, 53.07, 100590, 2140, 0, 0
1898, 0, 295, 570, 420, 73, 8.72%, 0, 0, 3, 52.31, 100912, 2140, 0, 0
1903, 0, 431, 570, 419, 72, 8.72%, 0, 0, 3, 51.96, 101174, 2140, 0, 0
1908, 0, 423, 570, 418, 71, 8.72%, 0, 0, 3, 54.28, 101458, 2140, 0, 0
1913, 0, 423, 571, 419, 71, 8.72%, 0, 0, 3, 53.55, 101717, 2140, 0, 0
1918, 0, 567, 571, 417, 70, 8.72%, 0, 0, 3, 53.31, 101982, 2140, 0, 0
1924, 0, 567, 571, 417, 70, 8.72%, 0, 0, 3, 52.22, 102262, 2140, 0, 0
1929, 0, 567, 572, 418, 70, 8.75%, 0, 0, 3, 54.25, 102546, 2148, 0, 0
1934, 0, 321, 572, 416, 69, 8.75%, 0, 0, 3, 53.10, 102841, 2148, 0, 0
1940, 0, 446, 572, 415, 68, 8.75%, 0, 0, 3, 51.93, 103104, 2148, 0, 0
1945, 0, 335, 572, 413, 66, 8.75%, 0, 0, 3, 53.85, 103395, 2148, 0, 0
1950, 0, 524, 572, 412, 65, 8.75%, 0, 0, 3, 52.65, 103660, 2148, 0, 0
1955, 0, 367, 573, 412, 64, 8.78%, 0, 0, 3, 52.82, 103924, 2155, 0, 0
1960, 0, 309, 573, 411, 64, 8.78%, 0, 0, 3, 52.86, 104188, 2155, 0, 0
1966, 0, 315, 573, 409, 62, 8.78%, 0, 0, 3, 55.09, 104456, 2155, 0, 0
1972, 0, 322, 575, 410, 63, 8.79%, 0, 0, 3, 53.38, 104795, 2157, 0, 0
1977, 0, 328, 575, 409, 62, 8.79%, 0, 0, 3, 52.83, 105047, 2157, 0, 0
1982, 0, 334, 575, 407, 60, 8.79%, 0, 0, 3, 53.44, 105321, 2157, 0, 0
1987, 0, 306, 575, 406, 59, 8.79%, 0, 0, 3, 53.81, 105583, 2157, 0, 0
1992, 0, 441, 576, 406, 59, 8.79%, 0, 0, 3, 52.42, 105835, 2158, 0, 0
1997, 0, 429, 576, 404, 58, 8.79%, 0, 0, 3, 51.98, 106098, 2158, 0, 0
2004, 0, 522, 576, 403, 57, 8.79%, 0, 0, 3, 53.77, 106471, 2158, 0, 0
2009, 0, 522, 576, 403, 57, 8.79%, 0, 0, 3, 52.97, 106743, 2158, 0, 0
2015, 0, 417, 576, 402, 56, 8.79%, 0, 0, 3, 49.40, 107017, 2158, 0, 0
2020, 0, 563, 576, 401, 55, 8.79%, 0, 0, 3, 43.90, 107233, 2158, 0, 0
2026, 0, 563, 577, 402, 55, 8.79%, 0, 0, 4, 55.66, 107508, 2158, 0, 0
2031, 0, 73, 577, 400, 53, 8.79%, 0, 0, 4, 53.86, 107767, 2158, 0, 0
2036, 0, 347, 577, 399, 53, 8.79%, 0, 0, 4, 54.88, 108087, 2158, 0, 0
2041, 0, 347, 577, 399, 53, 8.79%, 0, 0, 4, 54.42, 108353, 2158, 0, 0
2048, 0, 534, 577, 398, 52, 8.79%, 0, 0, 4, 54.74, 108699, 2158, 0, 0
2053, 0, 430, 578, 398, 51, 8.80%, 0, 0, 4, 51.19, 108953, 2159, 0, 0
2059, 0, 414, 578, 396, 50, 8.80%, 0, 0, 4, 51.65, 109263, 2159, 0, 0
2064, 0, 414, 578, 396, 50, 8.80%, 0, 0, 4, 51.87, 109530, 2159, 0, 0
2069, 0, 544, 579, 396, 49, 8.80%, 0, 0, 4, 4.78, 109794, 2159, 0, 0
2075, 0, 570, 579, 394, 47, 8.80%, 0, 0, 4, 53.30, 110076, 2159, 0, 0
2080, 0, 389, 581, 395, 46, 8.80%, 0, 0, 4, 54.29, 110366, 2159, 0, 0
2085, 0, 389, 584, 398, 46, 8.80%, 0, 0, 4, 54.05, 110626, 2160, 0, 0
2091, 0, 349, 584, 396, 46, 8.80%, 0, 0, 4, 52.20, 110890, 2160, 0, 0
2096, 0, 350, 584, 395, 45, 8.80%, 0, 0, 4, 51.37, 111151, 2160, 0, 0
2101, 0, 490, 584, 394, 44, 8.80%, 0, 0, 4, 51.72, 111401, 2160, 0, 0
2106, 0, 549, 584, 392, 42, 8.80%, 0, 0, 4, 51.28, 111665, 2160, 0, 0
2113, 0, 360, 584, 390, 40, 8.80%, 0, 0, 4, 51.33, 112012, 2160, 0, 0
2118, 0, 488, 584, 389, 39, 8.80%, 0, 0, 4, 53.16, 112287, 2160, 0, 0
2123, 0, 452, 584, 388, 38, 8.80%, 0, 0, 4, 55.00, 112541, 2160, 0, 0
2129, 0, 362, 584, 386, 36, 8.80%, 0, 0, 4, 54.22, 112905, 2160, 0, 0
2134, 0, 566, 585, 386, 35, 8.81%, 0, 0, 4, 54.01, 113173, 2162, 0, 0
2141, 0, 370, 586, 386, 35, 8.81%, 0, 0, 4, 53.79, 113537, 2162, 0, 0
2146, 0, 509, 586, 385, 34, 8.81%, 0, 0, 4, 56.19, 113795, 2162, 0, 0
2152, 0, 474, 586, 384, 33, 8.81%, 0, 0, 4, 55.08, 114077, 2162, 0, 0
2159, 0, 386, 586, 382, 31, 8.81%, 0, 0, 4, 52.81, 114434, 2162, 0, 0
2164, 0, 499, 586, 381, 30, 8.81%, 0, 0, 4, 52.28, 114695, 2162, 0, 0
2169, 0, 408, 587, 381, 30, 8.82%, 0, 0, 4, 49.06, 114940, 2164, 0, 0
2174, 0, 408, 588, 382, 30, 8.84%, 0, 0, 4, 43.10, 115149, 2171, 0, 0
2180, 0, 415, 589, 381, 29, 8.85%, 0, 0, 4, 47.86, 115469, 2172, 0, 0
2185, 0, 32, 589, 379, 27, 8.85%, 0, 0, 4, 50.91, 115719, 2172, 0, 0
2190, 0, 442, 589, 377, 27, 8.85%, 0, 0, 4, 51.83, 115981, 2172, 0, 0
2195, 0, 583, 589, 376, 26, 8.85%, 0, 0, 4, 53.67, 116256, 2172, 0, 0
2200, 0, 515, 589, 375, 25, 8.85%, 0, 0, 4, 50.98, 116509, 2172, 0, 0
2205, 0, 463, 589, 372, 23, 8.85%, 0, 0, 4, 50.98, 116770, 2172, 0, 0
2210, 0, 533, 590, 371, 22, 8.86%, 0, 0, 4, 54.73, 117035, 2174, 0, 0
2217, 0, 589, 590, 371, 22, 8.86%, 0, 0, 4, 53.81, 117403, 2174, 0, 0
2222, 0, 448, 591, 371, 22, 8.87%, 0, 0, 4, 53.92, 117675, 2176, 0, 0
2228, 0, 584, 591, 368, 19, 8.87%, 0, 0, 4, 52.02, 117925, 2176, 0, 0
2233, 0, 587, 591, 367, 18, 8.87%, 0, 0, 4, 51.03, 118201, 2176, 0, 0
2238, 0, 511, 591, 366, 17, 8.87%, 0, 0, 4, 49.86, 118443, 2176, 0, 0
2243, 0, 318, 591, 365, 16, 8.87%, 0, 0, 4, 51.61, 118702, 2176, 0, 0
2249, 0, 571, 591, 362, 15, 8.87%, 0, 0, 4, 53.06, 118969, 2176, 0, 0
2254, 0, 571, 592, 363, 15, 8.87%, 0, 0, 4, 54.25, 119249, 2177, 0, 0
2259, 0, 536, 592, 362, 15, 8.87%, 0, 0, 4, 53.20, 119514, 2177, 0, 0
2264, 0, 542, 593, 361, 14, 8.87%, 0, 0, 4, 53.03, 119780, 2178, 0, 0
2270, 0, 591, 593, 360, 13, 8.87%, 0, 0, 4, 53.91, 120113, 2178, 0, 0
2275, 0, 70, 593, 359, 12, 8.87%, 0, 0, 4, 54.27, 120387, 2178, 0, 0
2280, 0, 70, 593, 359, 12, 8.87%, 0, 0, 4, 55.25, 120671, 2178, 0, 0
2285, 0, 70, 593, 359, 12, 8.87%, 0, 0, 4, 55.24, 120952, 2178, 0, 0
2290, 0, 70, 593, 359, 12, 8.87%, 0, 0, 4, 55.37, 121236, 2178, 0, 0
2296, 0, 70, 593, 359, 12, 8.87%, 0, 0, 4, 55.55, 121520, 2178, 0, 0
2301, 0, 70, 593, 359, 12, 8.87%, 0, 0, 4, 55.41, 121802, 2178, 0, 0
2306, 0, 70, 593, 359, 12, 8.87%, 0, 0, 4, 55.69, 122088, 2178, 0, 0
2311, 0, 70, 593, 359, 12, 8.87%, 0, 0, 4, 55.37, 122367, 2178, 0, 0
2316, 0, 70, 593, 359, 12, 8.87%, 0, 0, 4, 55.43, 122645, 2178, 0, 0
2321, 0, 70, 593, 359, 12, 8.87%, 0, 0, 4, 55.41, 122925, 2178, 0, 0
2326, 0, 70, 593, 359, 12, 8.87%, 0, 0, 4, 55.51, 123209, 2178, 0, 0
2331, 0, 70, 593, 359, 12, 8.87%, 0, 0, 4, 55.68, 123494, 2178, 0, 0
2337, 0, 271, 593, 359, 12, 8.87%, 0, 0, 4, 63.93, 123833, 2178, 0, 0
2337, 0, 271, 593, 359, 12, 8.87%, 0, 0, 4, 63.90, 123865, 2178, 0, 0
