# relative_time, cycles_done, cur_item, corpus_count, pending_total, pending_favs, map_size, saved_crashes, saved_hangs, max_depth, execs_per_sec, total_execs, edges_found, total_crashes, servers_count
0, 18446744073709551615, 0, 70, 70, 13, 5.78%, 0, 0, 1, 0.00, 110, 1418, 0, 0
61, 0, 7, 216, 216, 13, 7.70%, 0, 0, 2, 54.70, 4007, 1889, 0, 0
66, 0, 7, 219, 219, 13, 7.70%, 0, 0, 2, 54.80, 4284, 1891, 0, 0
71, 0, 7, 222, 222, 13, 7.72%, 0, 0, 2, 54.88, 4567, 1894, 0, 0
76, 0, 7, 223, 223, 13, 7.72%, 0, 0, 2, 54.73, 4843, 1894, 0, 0
81, 0, 7, 227, 227, 13, 7.72%, 0, 0, 2, 54.58, 5118, 1895, 0, 0
86, 0, 7, 228, 228, 13, 7.74%, 0, 0, 2, 54.84, 5402, 1899, 0, 0
91, 0, 7, 231, 231, 13, 7.75%, 0, 0, 2, 54.61, 5684, 1903, 0, 0
96, 0, 7, 231, 231, 13, 7.75%, 0, 0, 2, 54.05, 5959, 1903, 0, 0
101, 0, 7, 233, 233, 13, 7.76%, 0, 0, 2, 53.53, 6232, 1904, 0, 0
107, 0, 7, 236, 236, 13, 7.81%, 0, 0, 2, 53.31, 6507, 1916, 0, 0
112, 0, 7, 238, 238, 13, 7.81%, 0, 0, 2, 52.77, 6773, 1916, 0, 0
117, 0, 7, 240, 240, 13, 7.81%, 0, 0, 2, 53.26, 7041, 1918, 0, 0
122, 0, 7, 242, 242, 13, 7.83%, 0, 0, 2, 52.92, 7310, 1922, 0, 0
127, 0, 7, 245, 245, 13, 7.83%, 0, 0, 2, 53.69, 7586, 1923, 0, 0
132, 0, 7, 246, 246, 13, 7.84%, 0, 0, 2, 53.59, 7862, 1924, 0, 0
137, 0, 7, 248, 248, 13, 7.85%, 0, 0, 2, 53.56, 8139, 1926, 0, 0
142, 0, 7, 248, 248, 13, 7.85%, 0, 0, 2, 53.62, 8414, 1926, 0, 0
148, 0, 7, 250, 250, 13, 7.85%, 0, 0, 2, 53.54, 8694, 1927, 0, 0
153, 0, 7, 251, 251, 13, 7.85%, 0, 0, 2, 53.73, 8971, 1927, 0, 0
158, 0, 7, 251, 251, 13, 7.85%, 0, 0, 2, 53.83, 9246, 1927, 0, 0
163, 0, 7, 251, 251, 13, 7.85%, 0, 0, 2, 53.73, 9521, 1927, 0, 0
168, 0, 7, 251, 251, 13, 7.85%, 0, 0, 2, 53.71, 9796, 1927, 0, 0
173, 0, 7, 251, 251, 13, 7.85%, 0, 0, 2, 53.66, 10071, 1927, 0, 0
178, 0, 7, 253, 253, 13, 7.85%, 0, 0, 2, 53.98, 10342, 1928, 0, 0
183, 0, 7, 255, 255, 13, 7.85%, 0, 0, 2, 53.71, 10614, 1928, 0, 0
188, 0, 7, 255, 255, 13, 7.85%, 0, 0, 2, 53.03, 10888, 1928, 0, 0
194, 0, 7, 256, 256, 13, 7.85%, 0, 0, 2, 53.58, 11163, 1928, 0, 0
199, 0, 7, 257, 257, 13, 7.86%, 0, 0, 2, 53.56, 11441, 1930, 0, 0
204, 0, 7, 258, 258, 13, 7.87%, 0, 0, 2, 53.59, 11712, 1931, 0, 0
209, 0, 7, 258, 258, 13, 7.87%, 0, 0, 2, 53.47, 11987, 1931, 0, 0
214, 0, 7, 258, 258, 13, 7.87%, 0, 0, 2, 53.34, 12262, 1931, 0, 0
219, 0, 7, 258, 258, 13, 7.87%, 0, 0, 2, 53.50, 12537, 1931, 0, 0
224, 0, 7, 258, 258, 13, 7.87%, 0, 0, 2, 53.20, 12812, 1931, 0, 0
229, 0, 7, 259, 259, 13, 7.87%, 0, 0, 2, 53.35, 13080, 1931, 0, 0
235, 0, 7, 259, 259, 13, 7.87%, 0, 0, 2, 53.26, 13355, 1931, 0, 0
240, 0, 7, 259, 259, 13, 7.87%, 0, 0, 2, 52.85, 13630, 1931, 0, 0
245, 0, 7, 261, 261, 13, 7.88%, 0, 0, 2, 52.59, 13894, 1933, 0, 0
250, 0, 7, 262, 262, 13, 7.88%, 0, 0, 2, 53.15, 14164, 1933, 0, 0
255, 0, 7, 264, 264, 13, 7.88%, 0, 0, 2, 53.50, 14442, 1933, 0, 0
260, 0, 7, 264, 264, 13, 7.88%, 0, 0, 2, 53.68, 14717, 1933, 0, 0
265, 0, 7, 264, 264, 13, 7.88%, 0, 0, 2, 53.65, 14992, 1933, 0, 0
271, 0, 7, 264, 264, 13, 7.88%, 0, 0, 2, 53.52, 15267, 1933, 0, 0
276, 0, 7, 264, 264, 13, 7.88%, 0, 0, 2, 53.36, 15542, 1933, 0, 0
281, 0, 7, 265, 265, 13, 7.88%, 0, 0, 2, 53.47, 15817, 1933, 0, 0
286, 0, 7, 265, 265, 13, 7.88%, 0, 0, 2, 53.54, 16092, 1933, 0, 0
291, 0, 7, 265, 265, 13, 7.88%, 0, 0, 2, 53.39, 16367, 1933, 0, 0
296, 0, 7, 266, 266, 13, 7.88%, 0, 0, 2, 53.37, 16642, 1934, 0, 0
301, 0, 7, 268, 268, 13, 7.88%, 0, 0, 2, 53.20, 16917, 1934, 0, 0
307, 0, 7, 268, 268, 13, 7.88%, 0, 0, 2, 53.40, 17192, 1934, 0, 0
312, 0, 7, 269, 269, 13, 7.88%, 0, 0, 2, 53.85, 17469, 1935, 0, 0
317, 0, 7, 270, 270, 13, 7.89%, 0, 0, 2, 53.71, 17748, 1936, 0, 0
322, 0, 7, 271, 271, 13, 7.89%, 0, 0, 2, 53.69, 18018, 1936, 0, 0
327, 0, 7, 273, 273, 13, 7.89%, 0, 0, 2, 53.68, 18288, 1937, 0, 0
332, 0, 7, 273, 273, 13, 7.89%, 0, 0, 2, 53.66, 18563, 1937, 0, 0
337, 0, 7, 274, 274, 13, 7.90%, 0, 0, 2, 53.52, 18838, 1938, 0, 0
342, 0, 7, 275, 275, 13, 7.90%, 0, 0, 2, 53.16, 19107, 1938, 0, 0
347, 0, 7, 276, 276, 13, 7.90%, 0, 0, 2, 53.30, 19376, 1938, 0, 0
353, 0, 7, 277, 277, 13, 7.90%, 0, 0, 2, 53.14, 19649, 1938, 0, 0
358, 0, 7, 277, 277, 13, 7.90%, 0, 0, 2, 53.44, 19924, 1938, 0, 0
363, 0, 7, 277, 277, 13, 7.90%, 0, 0, 2, 53.26, 20199, 1938, 0, 0
368, 0, 7, 277, 277, 13, 7.90%, 0, 0, 2, 53.43, 20474, 1938, 0, 0
373, 0, 7, 278, 278, 13, 7.90%, 0, 0, 2, 53.58, 20752, 1939, 0, 0
378, 0, 7, 278, 278, 13, 7.90%, 0, 0, 2, 53.46, 21027, 1939, 0, 0
383, 0, 7, 278, 278, 13, 7.90%, 0, 0, 2, 53.68, 21302, 1939, 0, 0
389, 0, 7, 278, 278, 13, 7.90%, 0, 0, 2, 53.53, 21577, 1939, 0, 0
394, 0, 7, 278, 278, 13, 7.90%, 0, 0, 2, 53.75, 21853, 1939, 0, 0
399, 0, 7, 278, 278, 13, 7.90%, 0, 0, 2, 54.07, 22128, 1939, 0, 0
404, 0, 7, 278, 278, 13, 7.90%, 0, 0, 2, 54.06, 22403, 1939, 0, 0
409, 0, 7, 280, 280, 13, 7.90%, 0, 0, 2, 53.89, 22672, 1939, 0, 0
414, 0, 7, 280, 280, 13, 7.90%, 0, 0, 2, 53.80, 22947, 1939, 0, 0
419, 0, 7, 280, 280, 13, 7.90%, 0, 0, 2, 53.67, 23222, 1939, 0, 0
424, 0, 7, 280, 280, 13, 7.90%, 0, 0, 2, 53.60, 23497, 1939, 0, 0
429, 0, 7, 280, 280, 13, 7.90%, 0, 0, 2, 53.78, 23772, 1939, 0, 0
434, 0, 7, 280, 280, 13, 7.90%, 0, 0, 2, 53.80, 24047, 1939, 0, 0
439, 0, 7, 282, 282, 13, 7.90%, 0, 0, 2, 53.62, 24316, 1940, 0, 0
445, 0, 7, 282, 282, 13, 7.90%, 0, 0, 2, 53.88, 24591, 1940, 0, 0
450, 0, 7, 282, 282, 13, 7.90%, 0, 0, 2, 53.71, 24866, 1940, 0, 0
455, 0, 7, 282, 282, 13, 7.90%, 0, 0, 2, 53.67, 25141, 1940, 0, 0
460, 0, 7, 282, 282, 13, 7.90%, 0, 0, 2, 53.76, 25416, 1940, 0, 0
465, 0, 7, 282, 282, 13, 7.90%, 0, 0, 2, 53.57, 25691, 1940, 0, 0
470, 0, 7, 282, 282, 13, 7.90%, 0, 0, 2, 53.55, 25966, 1940, 0, 0
475, 0, 7, 282, 282, 13, 7.90%, 0, 0, 2, 53.64, 26241, 1940, 0, 0
480, 0, 7, 282, 282, 13, 7.90%, 0, 0, 2, 53.70, 26516, 1940, 0, 0
486, 0, 7, 282, 282, 13, 7.90%, 0, 0, 2, 53.65, 26791, 1940, 0, 0
491, 0, 7, 282, 282, 13, 7.90%, 0, 0, 2, 53.63, 27066, 1940, 0, 0
496, 0, 7, 282, 282, 13, 7.90%, 0, 0, 2, 53.79, 27341, 1940, 0, 0
501, 0, 7, 282, 282, 13, 7.90%, 0, 0, 2, 53.88, 27616, 1940, 0, 0
506, 0, 7, 282, 282, 13, 7.90%, 0, 0, 2, 53.97, 27891, 1940, 0, 0
511, 0, 7, 282, 282, 13, 7.90%, 0, 0, 2, 53.99, 28166, 1940, 0, 0
516, 0, 7, 283, 283, 13, 7.91%, 0, 0, 2, 54.09, 28444, 1941, 0, 0
521, 0, 7, 283, 283, 13, 7.91%, 0, 0, 2, 54.23, 28719, 1941, 0, 0
526, 0, 7, 283, 283, 13, 7.91%, 0, 0, 2, 53.72, 28994, 1941, 0, 0
532, 0, 7, 284, 284, 13, 7.91%, 0, 0, 2, 53.48, 29269, 1941, 0, 0
537, 0, 7, 284, 284, 13, 7.91%, 0, 0, 2, 53.52, 29544, 1941, 0, 0
542, 0, 7, 285, 285, 13, 7.91%, 0, 0, 2, 52.90, 29808, 1942, 0, 0
547, 0, 7, 285, 285, 13, 7.91%, 0, 0, 2, 53.48, 30083, 1942, 0, 0
552, 0, 7, 285, 285, 13, 7.91%, 0, 0, 2, 53.75, 30358, 1942, 0, 0
557, 0, 7, 285, 285, 13, 7.91%, 0, 0, 2, 54.08, 30633, 1942, 0, 0
562, 0, 7, 287, 287, 13, 7.92%, 0, 0, 2, 54.17, 30912, 1943, 0, 0
567, 0, 7, 287, 287, 13, 7.92%, 0, 0, 2, 54.18, 31187, 1943, 0, 0
572, 0, 7, 287, 287, 13, 7.92%, 0, 0, 2, 54.12, 31462, 1943, 0, 0
577, 0, 7, 287, 287, 13, 7.92%, 0, 0, 2, 54.24, 31737, 1943, 0, 0
583, 0, 7, 287, 287, 13, 7.92%, 0, 0, 2, 54.29, 32013, 1943, 0, 0
588, 0, 7, 287, 287, 13, 7.92%, 0, 0, 2, 54.17, 32288, 1943, 0, 0
593, 0, 7, 287, 287, 13, 7.92%, 0, 0, 2, 54.23, 32563, 1943, 0, 0
598, 0, 7, 288, 288, 13, 7.92%, 0, 0, 2, 54.32, 32837, 1943, 0, 0
603, 0, 7, 289, 289, 13, 7.92%, 0, 0, 2, 54.52, 33115, 1943, 0, 0
608, 0, 7, 290, 290, 13, 7.92%, 0, 0, 2, 54.30, 33394, 1944, 0, 0
613, 0, 7, 290, 290, 13, 7.92%, 0, 0, 2, 54.01, 33669, 1944, 0, 0
618, 0, 7, 290, 290, 13, 7.92%, 0, 0, 2, 53.93, 33944, 1944, 0, 0
623, 0, 7, 291, 291, 13, 7.92%, 0, 0, 2, 54.11, 34224, 1944, 0, 0
628, 0, 7, 291, 291, 13, 7.92%, 0, 0, 2, 53.92, 34499, 1944, 0, 0
634, 0, 7, 291, 291, 13, 7.92%, 0, 0, 2, 53.92, 34774, 1944, 0, 0
639, 0, 7, 292, 292, 13, 7.92%, 0, 0, 2, 53.82, 35053, 1945, 0, 0
644, 0, 7, 292, 292, 13, 7.92%, 0, 0, 2, 53.74, 35328, 1945, 0, 0
649, 0, 7, 293, 293, 13, 7.92%, 0, 0, 2, 53.81, 35608, 1945, 0, 0
654, 0, 7, 293, 293, 13, 7.92%, 0, 0, 2, 53.84, 35883, 1945, 0, 0
659, 0, 7, 293, 293, 13, 7.92%, 0, 0, 2, 53.85, 36158, 1945, 0, 0
664, 0, 7, 294, 294, 13, 7.93%, 0, 0, 2, 53.63, 36428, 1946, 0, 0
669, 0, 7, 295, 295, 13, 7.93%, 0, 0, 2, 53.40, 36698, 1947, 0, 0
674, 0, 7, 296, 296, 13, 7.94%, 0, 0, 2, 53.43, 36973, 1948, 0, 0
680, 0, 7, 296, 296, 13, 7.94%, 0, 0, 2, 53.50, 37248, 1948, 0, 0
685, 0, 7, 296, 296, 13, 7.94%, 0, 0, 2, 53.75, 37524, 1948, 0, 0
690, 0, 7, 296, 296, 13, 7.94%, 0, 0, 2, 53.53, 37799, 1948, 0, 0
695, 0, 7, 298, 298, 13, 7.94%, 0, 0, 2, 53.69, 38073, 1949, 0, 0
700, 0, 7, 300, 300, 13, 7.95%, 0, 0, 2, 53.83, 38351, 1951, 0, 0
705, 0, 7, 300, 300, 13, 7.95%, 0, 0, 2, 53.84, 38626, 1951, 0, 0
710, 0, 7, 300, 300, 13, 7.95%, 0, 0, 2, 53.80, 38901, 1951, 0, 0
715, 0, 7, 300, 300, 13, 7.95%, 0, 0, 2, 53.78, 39176, 1951, 0, 0
721, 0, 7, 300, 300, 13, 7.95%, 0, 0, 2, 53.83, 39451, 1951, 0, 0
726, 0, 7, 300, 300, 13, 7.95%, 0, 0, 2, 53.41, 39726, 1951, 0, 0
731, 0, 7, 300, 300, 13, 7.95%, 0, 0, 2, 54.15, 40002, 1951, 0, 0
736, 0, 7, 300, 300, 13, 7.95%, 0, 0, 2, 54.34, 40280, 1951, 0, 0
741, 0, 7, 300, 300, 13, 7.95%, 0, 0, 2, 53.99, 40555, 1951, 0, 0
746, 0, 7, 300, 300, 13, 7.95%, 0, 0, 2, 54.59, 40832, 1951, 0, 0
751, 0, 7, 301, 301, 13, 7.95%, 0, 0, 2, 54.76, 41112, 1952, 0, 0
756, 0, 7, 301, 301, 13, 7.95%, 0, 0, 2, 54.46, 41389, 1952, 0, 0
761, 0, 70, 306, 305, 131, 7.96%, 0, 0, 2, 52.90, 41646, 1953, 0, 0
767, 0, 70, 317, 316, 131, 7.96%, 0, 0, 2, 53.65, 41923, 1953, 0, 0
772, 0, 70, 321, 320, 131, 7.96%, 0, 0, 2, 53.91, 42199, 1953, 0, 0
777, 0, 70, 325, 324, 131, 7.97%, 0, 0, 2, 54.20, 42471, 1957, 0, 0
782, 0, 70, 325, 324, 131, 7.97%, 0, 0, 2, 54.63, 42754, 1957, 0, 0
787, 0, 70, 327, 326, 131, 7.97%, 0, 0, 2, 54.84, 43034, 1957, 0, 0
792, 0, 70, 328, 327, 131, 7.97%, 0, 0, 2, 54.61, 43317, 1957, 0, 0
797, 0, 70, 329, 328, 131, 7.97%, 0, 0, 2, 54.40, 43595, 1957, 0, 0
802, 0, 70, 333, 332, 131, 7.99%, 0, 0, 2, 54.04, 43870, 1960, 0, 0
808, 0, 70, 334, 333, 131, 7.99%, 0, 0, 2, 54.23, 44148, 1960, 0, 0
813, 0, 70, 335, 334, 131, 7.99%, 0, 0, 2, 54.39, 44420, 1960, 0, 0
818, 0, 70, 337, 336, 131, 7.99%, 0, 0, 2, 54.73, 44702, 1961, 0, 0
823, 0, 70, 338, 337, 131, 7.99%, 0, 0, 2, 54.42, 44985, 1961, 0, 0
828, 0, 70, 339, 338, 131, 7.99%, 0, 0, 2, 54.59, 45265, 1961, 0, 0
833, 0, 70, 340, 339, 131, 7.99%, 0, 0, 2, 54.39, 45539, 1961, 0, 0
838, 0, 70, 342, 341, 131, 7.99%, 0, 0, 2, 54.04, 45813, 1961, 0, 0
843, 0, 70, 343, 342, 131, 7.99%, 0, 0, 2, 53.61, 46082, 1961, 0, 0
848, 0, 70, 344, 343, 131, 7.99%, 0, 0, 2, 53.75, 46352, 1961, 0, 0
853, 0, 70, 346, 345, 131, 7.99%, 0, 0, 2, 53.84, 46628, 1962, 0, 0
859, 0, 70, 347, 346, 131, 7.99%, 0, 0, 2, 54.07, 46906, 1962, 0, 0
864, 0, 70, 348, 347, 131, 7.99%, 0, 0, 2, 53.51, 47184, 1962, 0, 0
869, 0, 70, 348, 347, 131, 7.99%, 0, 0, 2, 52.98, 47459, 1962, 0, 0
874, 0, 70, 348, 347, 131, 7.99%, 0, 0, 2, 53.40, 47734, 1962, 0, 0
879, 0, 70, 348, 347, 131, 7.99%, 0, 0, 2, 53.30, 48009, 1962, 0, 0
884, 0, 70, 349, 348, 131, 7.99%, 0, 0, 2, 53.27, 48284, 1962, 0, 0
890, 0, 70, 349, 348, 131, 7.99%, 0, 0, 2, 53.43, 48560, 1962, 0, 0
895, 0, 70, 350, 349, 131, 8.00%, 0, 0, 2, 53.19, 48829, 1963, 0, 0
900, 0, 70, 350, 349, 131, 8.00%, 0, 0, 2, 52.89, 49093, 1963, 0, 0
905, 0, 70, 351, 350, 131, 8.00%, 0, 0, 2, 53.47, 49368, 1963, 0, 0
910, 0, 70, 352, 351, 131, 8.00%, 0, 0, 2, 53.37, 49635, 1963, 0, 0
915, 0, 70, 352, 351, 131, 8.00%, 0, 0, 2, 53.87, 49910, 1963, 0, 0
920, 0, 70, 352, 351, 131, 8.00%, 0, 0, 2, 53.55, 50185, 1963, 0, 0
925, 0, 70, 352, 351, 131, 8.00%, 0, 0, 2, 53.52, 50460, 1963, 0, 0
930, 0, 70, 353, 352, 131, 8.00%, 0, 0, 2, 53.66, 50736, 1964, 0, 0
935, 0, 70, 353, 352, 131, 8.00%, 0, 0, 2, 53.78, 51011, 1964, 0, 0
941, 0, 70, 353, 352, 131, 8.00%, 0, 0, 2, 53.79, 51286, 1964, 0, 0
946, 0, 70, 353, 352, 131, 8.00%, 0, 0, 2, 53.52, 51561, 1964, 0, 0
951, 0, 70, 353, 352, 131, 8.00%, 0, 0, 2, 53.57, 51836, 1964, 0, 0
956, 0, 70, 353, 352, 131, 8.00%, 0, 0, 2, 53.48, 52111, 1964, 0, 0
961, 0, 70, 353, 352, 131, 8.00%, 0, 0, 2, 53.58, 52386, 1964, 0, 0
966, 0, 70, 353, 352, 131, 8.00%, 0, 0, 2, 53.41, 52661, 1964, 0, 0
971, 0, 70, 353, 352, 131, 8.00%, 0, 0, 2, 53.47, 52936, 1964, 0, 0
977, 0, 70, 354, 353, 131, 8.01%, 0, 0, 2, 53.46, 53211, 1965, 0, 0
982, 0, 70, 354, 353, 131, 8.01%, 0, 0, 2, 53.50, 53486, 1965, 0, 0
987, 0, 70, 358, 357, 131, 8.01%, 0, 0, 2, 53.34, 53758, 1967, 0, 0
992, 0, 70, 358, 357, 131, 8.01%, 0, 0, 2, 53.49, 54033, 1967, 0, 0
997, 0, 70, 358, 357, 131, 8.01%, 0, 0, 2, 53.23, 54307, 1967, 0, 0
1002, 0, 70, 358, 357, 131, 8.01%, 0, 0, 2, 52.89, 54582, 1967, 0, 0
1007, 0, 71, 360, 358, 137, 8.01%, 0, 0, 2, 52.69, 54851, 1967, 0, 0
1012, 0, 71, 364, 362, 137, 8.01%, 0, 0, 2, 51.04, 55105, 1967, 0, 0
1018, 0, 71, 368, 366, 137, 8.03%, 0, 0, 2, 52.64, 55380, 1972, 0, 0
1023, 0, 71, 373, 371, 137, 8.04%, 0, 0, 2, 52.81, 55654, 1974, 0, 0
1028, 0, 71, 373, 371, 137, 8.04%, 0, 0, 2, 53.25, 55930, 1974, 0, 0
1033, 0, 71, 376, 374, 137, 8.05%, 0, 0, 2, 53.15, 56196, 1975, 0, 0
1038, 0, 71, 379, 377, 137, 8.72%, 0, 0, 2, 53.23, 56468, 2141, 0, 0
1043, 0, 71, 384, 382, 137, 8.74%, 0, 0, 2, 53.28, 56745, 2146, 0, 0
1049, 0, 71, 391, 389, 137, 8.78%, 0, 0, 2, 53.11, 57021, 2156, 0, 0
1054, 0, 71, 394, 392, 137, 8.80%, 0, 0, 2, 53.62, 57299, 2159, 0, 0
1059, 0, 71, 395, 393, 137, 8.80%, 0, 0, 2, 54.34, 57581, 2159, 0, 0
1064, 0, 71, 395, 393, 137, 8.80%, 0, 0, 2, 54.17, 57859, 2159, 0, 0
1069, 0, 71, 395, 393, 137, 8.80%, 0, 0, 2, 54.21, 58137, 2159, 0, 0
1074, 0, 71, 397, 395, 137, 8.80%, 0, 0, 2, 54.13, 58416, 2160, 0, 0
1079, 0, 71, 397, 395, 137, 8.80%, 0, 0, 2, 54.15, 58694, 2160, 0, 0
1085, 0, 71, 400, 398, 137, 8.81%, 0, 0, 2, 54.00, 58975, 2163, 0, 0
1090, 0, 71, 403, 401, 137, 8.82%, 0, 0, 2, 53.90, 59245, 2164, 0, 0
1095, 0, 71, 404, 402, 137, 8.82%, 0, 0, 2, 53.92, 59521, 2164, 0, 0
1100, 0, 71, 406, 404, 137, 8.82%, 0, 0, 2, 54.41, 59800, 2166, 0, 0
1105, 0, 71, 407, 405, 137, 8.82%, 0, 0, 2, 54.20, 60075, 2166, 0, 0
1110, 0, 71, 407, 405, 137, 8.82%, 0, 0, 2, 54.30, 60357, 2166, 0, 0
1115, 0, 71, 408, 406, 137, 8.82%, 0, 0, 2, 54.13, 60632, 2166, 0, 0
1120, 0, 71, 408, 406, 137, 8.82%, 0, 0, 2, 54.16, 60909, 2166, 0, 0
1126, 0, 71, 410, 408, 137, 8.84%, 0, 0, 2, 53.91, 61189, 2170, 0, 0
1131, 0, 71, 410, 408, 137, 8.84%, 0, 0, 2, 54.01, 61467, 2170, 0, 0
1136, 0, 71, 411, 409, 137, 8.84%, 0, 0, 2, 54.20, 61749, 2170, 0, 0
1141, 0, 71, 413, 411, 137, 8.84%, 0, 0, 2, 53.52, 62030, 2171, 0, 0
1146, 0, 71, 415, 413, 137, 8.85%, 0, 0, 2, 53.61, 62308, 2173, 0, 0
1152, 0, 71, 415, 413, 137, 8.85%, 0, 0, 2, 53.48, 62584, 2173, 0, 0
1157, 0, 71, 416, 414, 137, 8.85%, 0, 0, 2, 53.95, 62860, 2173, 0, 0
1162, 0, 71, 417, 415, 137, 8.85%, 0, 0, 2, 53.85, 63137, 2173, 0, 0
1167, 0, 71, 418, 416, 137, 8.86%, 0, 0, 2, 53.96, 63416, 2175, 0, 0
1172, 0, 71, 419, 417, 137, 8.86%, 0, 0, 2, 54.41, 63696, 2175, 0, 0
1177, 0, 71, 419, 417, 137, 8.86%, 0, 0, 2, 54.19, 63973, 2175, 0, 0
1182, 0, 71, 420, 418, 137, 8.86%, 0, 0, 2, 54.35, 64255, 2175, 0, 0
1188, 0, 71, 421, 419, 137, 8.86%, 0, 0, 2, 54.34, 64538, 2175, 0, 0
1193, 0, 71, 421, 419, 137, 8.86%, 0, 0, 2, 54.02, 64817, 2175, 0, 0
1198, 0, 71, 422, 420, 137, 8.86%, 0, 0, 2, 53.96, 65088, 2175, 0, 0
1203, 0, 71, 424, 422, 137, 8.86%, 0, 0, 2, 54.11, 65363, 2175, 0, 0
1208, 0, 71, 424, 422, 137, 8.86%, 0, 0, 2, 54.23, 65640, 2175, 0, 0
1213, 0, 71, 425, 423, 137, 8.87%, 0, 0, 2, 54.11, 65921, 2178, 0, 0
1218, 0, 71, 425, 423, 137, 8.87%, 0, 0, 2, 54.20, 66200, 2178, 0, 0
1224, 0, 71, 425, 423, 137, 8.87%, 0, 0, 2, 54.24, 66480, 2178, 0, 0
1229, 0, 71, 425, 423, 137, 8.87%, 0, 0, 2, 54.28, 66758, 2178, 0, 0
1234, 0, 71, 425, 423, 137, 8.87%, 0, 0, 2, 53.69, 67035, 2178, 0, 0
1239, 0, 71, 426, 424, 137, 8.87%, 0, 0, 2, 53.67, 67315, 2178, 0, 0
1244, 0, 71, 426, 424, 137, 8.87%, 0, 0, 2, 53.89, 67590, 2178, 0, 0
1249, 0, 71, 427, 425, 137, 8.87%, 0, 0, 2, 54.04, 67868, 2178, 0, 0
1254, 0, 71, 427, 425, 137, 8.87%, 0, 0, 2, 53.98, 68147, 2178, 0, 0
1260, 0, 71, 427, 425, 137, 8.87%, 0, 0, 2, 53.80, 68424, 2178, 0, 0
1265, 0, 71, 427, 425, 137, 8.87%, 0, 0, 2, 54.04, 68701, 2178, 0, 0
1270, 0, 71, 427, 425, 137, 8.87%, 0, 0, 2, 54.08, 68980, 2178, 0, 0
1275, 0, 71, 427, 425, 137, 8.87%, 0, 0, 2, 54.09, 69260, 2178, 0, 0
1280, 0, 71, 427, 425, 137, 8.87%, 0, 0, 2, 54.00, 69537, 2178, 0, 0
1285, 0, 71, 428, 426, 137, 8.87%, 0, 0, 2, 54.08, 69815, 2178, 0, 0
1290, 0, 71, 428, 426, 137, 8.87%, 0, 0, 2, 54.13, 70090, 2178, 0, 0
1295, 0, 71, 429, 427, 137, 8.87%, 0, 0, 2, 54.10, 70361, 2178, 0, 0
1301, 0, 71, 429, 427, 137, 8.87%, 0, 0, 2, 53.84, 70639, 2178, 0, 0
1306, 0, 71, 429, 427, 137, 8.87%, 0, 0, 2, 53.83, 70916, 2178, 0, 0
1311, 0, 71, 429, 427, 137, 8.87%, 0, 0, 2, 53.57, 71191, 2178, 0, 0
1316, 0, 71, 429, 427, 137, 8.87%, 0, 0, 2, 54.10, 71467, 2178, 0, 0
1321, 0, 71, 429, 427, 137, 8.87%, 0, 0, 2, 53.51, 71743, 2178, 0, 0
1326, 0, 71, 430, 428, 137, 8.87%, 0, 0, 2, 53.46, 72015, 2178, 0, 0
1331, 0, 71, 430, 428, 137, 8.87%, 0, 0, 2, 53.34, 72289, 2178, 0, 0
1337, 0, 71, 430, 428, 137, 8.87%, 0, 0, 2, 53.39, 72564, 2178, 0, 0
1342, 0, 71, 430, 428, 137, 8.87%, 0, 0, 2, 53.19, 72840, 2178, 0, 0
1347, 0, 71, 430, 428, 137, 8.87%, 0, 0, 2, 53.57, 73116, 2178, 0, 0
1352, 0, 71, 431, 429, 137, 8.87%, 0, 0, 2, 52.96, 73389, 2178, 0, 0
1357, 0, 71, 431, 429, 137, 8.87%, 0, 0, 2, 52.90, 73663, 2178, 0, 0
1362, 0, 71, 432, 430, 137, 8.87%, 0, 0, 2, 53.17, 73938, 2178, 0, 0
1368, 0, 71, 432, 430, 137, 8.87%, 0, 0, 2, 53.13, 74214, 2178, 0, 0
1373, 0, 71, 432, 430, 137, 8.87%, 0, 0, 2, 53.49, 74490, 2178, 0, 0
1378, 0, 71, 432, 430, 137, 8.87%, 0, 0, 2, 53.31, 74763, 2178, 0, 0
1383, 0, 71, 433, 431, 137, 8.87%, 0, 0, 2, 53.54, 75034, 2178, 0, 0
1388, 0, 71, 433, 431, 137, 8.87%, 0, 0, 2, 52.73, 75308, 2178, 0, 0
1393, 0, 71, 433, 431, 137, 8.87%, 0, 0, 2, 52.77, 75582, 2178, 0, 0
1398, 0, 71, 433, 431, 137, 8.87%, 0, 0, 2, 53.32, 75858, 2178, 0, 0
1404, 0, 71, 434, 432, 137, 8.87%, 0, 0, 2, 52.98, 76132, 2178, 0, 0
1409, 0, 71, 434, 432, 137, 8.87%, 0, 0, 2, 53.37, 76407, 2178, 0, 0
1414, 0, 71, 434, 432, 137, 8.87%, 0, 0, 2, 52.46, 76671, 2178, 0, 0
1419, 0, 71, 434, 432, 137, 8.87%, 0, 0, 2, 51.98, 76934, 2178, 0, 0
1424, 0, 71, 434, 432, 137, 8.87%, 0, 0, 2, 52.13, 77197, 2178, 0, 0
1429, 0, 71, 434, 432, 137, 8.87%, 0, 0, 2, 51.98, 77457, 2178, 0, 0
1434, 0, 71, 435, 433, 137, 8.87%, 0, 0, 2, 51.80, 77719, 2178, 0, 0
1439, 0, 71, 435, 433, 137, 8.87%, 0, 0, 2, 51.48, 77980, 2178, 0, 0
1444, 0, 71, 435, 433, 137, 8.87%, 0, 0, 2, 51.59, 78241, 2178, 0, 0
1449, 0, 71, 436, 434, 137, 8.87%, 0, 0, 2, 52.13, 78512, 2178, 0, 0
1454, 0, 71, 436, 434, 137, 8.87%, 0, 0, 2, 52.86, 78787, 2178, 0, 0
1460, 0, 71, 436, 434, 137, 8.87%, 0, 0, 2, 53.06, 79061, 2178, 0, 0
1465, 0, 71, 436, 434, 137, 8.87%, 0, 0, 2, 52.58, 79334, 2178, 0, 0
1470, 0, 71, 436, 434, 137, 8.87%, 0, 0, 2, 52.36, 79597, 2178, 0, 0
1475, 0, 71, 436, 434, 137, 8.87%, 0, 0, 2, 53.23, 79871, 2178, 0, 0
1480, 0, 71, 436, 434, 137, 8.87%, 0, 0, 2, 52.94, 80144, 2178, 0, 0
1485, 0, 71, 436, 434, 137, 8.87%, 0, 0, 2, 52.78, 80416, 2178, 0, 0
1490, 0, 71, 436, 434, 137, 8.87%, 0, 0, 2, 53.25, 80690, 2178, 0, 0
1496, 0, 71, 436, 434, 137, 8.87%, 0, 0, 2, 53.02, 80964, 2178, 0, 0
1501, 0, 71, 436, 434, 137, 8.87%, 0, 0, 2, 53.56, 81239, 2178, 0, 0
1506, 0, 71, 436, 434, 137, 8.87%, 0, 0, 2, 54.03, 81514, 2178, 0, 0
1511, 0, 71, 436, 434, 137, 8.87%, 0, 0, 2, 53.96, 81791, 2178, 0, 0
1516, 0, 71, 436, 434, 137, 8.87%, 0, 0, 2, 53.60, 82066, 2178, 0, 0
1521, 0, 71, 436, 434, 137, 8.87%, 0, 0, 2, 53.60, 82341, 2178, 0, 0
1526, 0, 71, 436, 434, 137, 8.87%, 0, 0, 2, 53.97, 82617, 2178, 0, 0
1531, 0, 71, 436, 434, 137, 8.87%, 0, 0, 2, 54.00, 82891, 2178, 0, 0
1537, 0, 71, 436, 434, 137, 8.87%, 0, 0, 2, 53.86, 83166, 2178, 0, 0
1542, 0, 71, 436, 434, 137, 8.87%, 0, 0, 2, 53.69, 83446, 2178, 0, 0
1547, 0, 71, 437, 435, 137, 8.87%, 0, 0, 2, 53.84, 83726, 2178, 0, 0
1552, 0, 71, 437, 435, 137, 8.87%, 0, 0, 2, 53.27, 84002, 2178, 0, 0
1557, 0, 71, 437, 435, 137, 8.87%, 0, 0, 2, 53.81, 84281, 2178, 0, 0
1562, 0, 71, 438, 436, 137, 8.88%, 0, 0, 2, 53.47, 84556, 2179, 0, 0
1568, 0, 71, 438, 436, 137, 8.88%, 0, 0, 2, 53.50, 84835, 2179, 0, 0
1573, 0, 71, 438, 436, 137, 8.88%, 0, 0, 2, 53.72, 85111, 2179, 0, 0
1578, 0, 71, 439, 437, 137, 8.88%, 0, 0, 2, 53.74, 85382, 2179, 0, 0
1583, 0, 71, 439, 437, 137, 8.88%, 0, 0, 2, 53.79, 85659, 2179, 0, 0
1588, 0, 71, 440, 438, 137, 8.88%, 0, 0, 2, 54.19, 85933, 2179, 0, 0
1593, 0, 71, 440, 438, 137, 8.88%, 0, 0, 2, 54.03, 86210, 2179, 0, 0
1598, 0, 71, 440, 438, 137, 8.88%, 0, 0, 2, 54.30, 86488, 2179, 0, 0
1603, 0, 71, 440, 438, 137, 8.88%, 0, 0, 2, 53.35, 86761, 2179, 0, 0
1608, 0, 71, 440, 438, 137, 8.88%, 0, 0, 2, 53.17, 87035, 2179, 0, 0
1614, 0, 71, 440, 438, 137, 8.88%, 0, 0, 2, 53.48, 87312, 2179, 0, 0
1619, 0, 71, 440, 438, 137, 8.88%, 0, 0, 2, 53.47, 87586, 2179, 0, 0
1624, 0, 71, 440, 438, 137, 8.88%, 0, 0, 2, 53.40, 87859, 2179, 0, 0
1629, 0, 71, 440, 438, 137, 8.88%, 0, 0, 2, 53.72, 88133, 2179, 0, 0
1634, 0, 71, 440, 438, 137, 8.88%, 0, 0, 2, 53.49, 88408, 2179, 0, 0
1639, 0, 71, 441, 439, 137, 8.88%, 0, 0, 2, 53.94, 88677, 2180, 0, 0
1644, 0, 71, 441, 439, 137, 8.88%, 0, 0, 2, 53.84, 88958, 2180, 0, 0
1650, 0, 71, 441, 439, 137, 8.88%, 0, 0, 2, 53.48, 89235, 2180, 0, 0
1655, 0, 71, 442, 440, 137, 8.88%, 0, 0, 2, 53.45, 89515, 2180, 0, 0
1660, 0, 71, 442, 440, 137, 8.88%, 0, 0, 2, 54.00, 89794, 2180, 0, 0
1665, 0, 71, 442, 440, 137, 8.88%, 0, 0, 2, 54.04, 90071, 2180, 0, 0
1670, 0, 71, 442, 440, 137, 8.88%, 0, 0, 2, 53.49, 90344, 2180, 0, 0
1675, 0, 71, 443, 441, 137, 8.88%, 0, 0, 2, 53.75, 90624, 2180, 0, 0
1680, 0, 71, 443, 441, 137, 8.88%, 0, 0, 2, 53.91, 90899, 2180, 0, 0
1686, 0, 71, 443, 441, 137, 8.88%, 0, 0, 2, 53.69, 91172, 2180, 0, 0
1691, 0, 71, 443, 441, 137, 8.88%, 0, 0, 2, 53.14, 91446, 2180, 0, 0
1696, 0, 71, 443, 441, 137, 8.88%, 0, 0, 2, 53.03, 91719, 2180, 0, 0
1701, 0, 71, 443, 441, 137, 8.88%, 0, 0, 2, 53.76, 91997, 2180, 0, 0
1706, 0, 71, 445, 443, 137, 8.88%, 0, 0, 2, 53.95, 92270, 2180, 0, 0
1711, 0, 71, 445, 443, 137, 8.88%, 0, 0, 2, 53.75, 92546, 2180, 0, 0
1716, 0, 71, 445, 443, 137, 8.88%, 0, 0, 2, 53.75, 92822, 2180, 0, 0
1722, 0, 71, 445, 443, 137, 8.88%, 0, 0, 2, 53.80, 93099, 2180, 0, 0
1727, 0, 71, 445, 443, 137, 8.88%, 0, 0, 2, 54.27, 93378, 2180, 0, 0
1732, 0, 71, 446, 444, 137, 8.89%, 0, 0, 2, 53.70, 93650, 2181, 0, 0
1737, 0, 71, 446, 444, 137, 8.89%, 0, 0, 2, 54.20, 93933, 2181, 0, 0
1742, 0, 71, 446, 444, 137, 8.89%, 0, 0, 2, 54.06, 94209, 2181, 0, 0
1747, 0, 71, 447, 445, 137, 8.89%, 0, 0, 2, 53.84, 94485, 2181, 0, 0
1752, 0, 71, 447, 445, 137, 8.89%, 0, 0, 2, 54.31, 94764, 2181, 0, 0
1758, 0, 71, 447, 445, 137, 8.89%, 0, 0, 2, 53.69, 95039, 2181, 0, 0
1763, 0, 71, 447, 445, 137, 8.89%, 0, 0, 2, 54.14, 95315, 2181, 0, 0
1768, 0, 71, 447, 445, 137, 8.89%, 0, 0, 2, 54.03, 95591, 2181, 0, 0
1773, 0, 71, 447, 445, 137, 8.89%, 0, 0, 2, 53.75, 95866, 2181, 0, 0
1778, 0, 71, 448, 446, 137, 8.89%, 0, 0, 2, 53.90, 96142, 2181, 0, 0
1783, 0, 71, 448, 446, 137, 8.89%, 0, 0, 2, 53.59, 96420, 2181, 0, 0
1788, 0, 71, 448, 446, 137, 8.89%, 0, 0, 2, 53.87, 96697, 2181, 0, 0
1794, 0, 71, 448, 446, 137, 8.89%, 0, 0, 2, 53.84, 96974, 2181, 0, 0
1799, 0, 71, 448, 446, 137, 8.89%, 0, 0, 2, 54.16, 97254, 2181, 0, 0
1804, 0, 71, 448, 446, 137, 8.89%, 0, 0, 2, 53.68, 97528, 2181, 0, 0
1809, 0, 71, 448, 446, 137, 8.89%, 0, 0, 2, 53.06, 97800, 2181, 0, 0
1814, 0, 71, 448, 446, 137, 8.89%, 0, 0, 2, 53.42, 98078, 2181, 0, 0
1819, 0, 71, 448, 446, 137, 8.89%, 0, 0, 2, 53.68, 98355, 2181, 0, 0
1824, 0, 71, 448, 446, 137, 8.89%, 0, 0, 2, 53.95, 98634, 2181, 0, 0
1830, 0, 71, 448, 446, 137, 8.89%, 0, 0, 2, 53.56, 98907, 2181, 0, 0
1835, 0, 71, 448, 446, 137, 8.89%, 0, 0, 2, 53.98, 99183, 2181, 0, 0
1840, 0, 71, 448, 446, 137, 8.89%, 0, 0, 2, 53.92, 99460, 2181, 0, 0
1845, 0, 71, 448, 446, 137, 8.89%, 0, 0, 2, 54.14, 99742, 2181, 0, 0
1850, 0, 71, 448, 446, 137, 8.89%, 0, 0, 2, 53.43, 100016, 2181, 0, 0
1855, 0, 71, 448, 446, 137, 8.89%, 0, 0, 2, 54.02, 100294, 2181, 0, 0
1861, 0, 71, 448, 446, 137, 8.89%, 0, 0, 2, 53.65, 100572, 2181, 0, 0
1866, 0, 71, 448, 446, 137, 8.89%, 0, 0, 2, 53.62, 100848, 2181, 0, 0
1871, 0, 71, 448, 446, 137, 8.89%, 0, 0, 2, 53.83, 101122, 2181, 0, 0
1876, 0, 71, 449, 447, 137, 8.89%, 0, 0, 2, 53.58, 101392, 2181, 0, 0
1881, 0, 71, 449, 447, 137, 8.89%, 0, 0, 2, 53.52, 101668, 2181, 0, 0
1886, 0, 71, 449, 447, 137, 8.89%, 0, 0, 2, 53.24, 101943, 2181, 0, 0
1891, 0, 71, 449, 447, 137, 8.89%, 0, 0, 2, 53.11, 102218, 2181, 0, 0
1896, 0, 71, 449, 447, 137, 8.89%, 0, 0, 2, 53.79, 102499, 2181, 0, 0
1902, 0, 71, 449, 447, 137, 8.89%, 0, 0, 2, 53.90, 102777, 2181, 0, 0
1907, 0, 71, 449, 447, 137, 8.89%, 0, 0, 2, 53.81, 103053, 2181, 0, 0
1912, 0, 71, 449, 447, 137, 8.89%, 0, 0, 2, 53.92, 103329, 2181, 0, 0
1917, 0, 71, 449, 447, 137, 8.89%, 0, 0, 2, 53.59, 103603, 2181, 0, 0
1922, 0, 71, 449, 447, 137, 8.89%, 0, 0, 2, 53.66, 103878, 2181, 0, 0
1927, 0, 71, 449, 447, 137, 8.89%, 0, 0, 2, 53.62, 104152, 2181, 0, 0
1932, 0, 71, 449, 447, 137, 8.89%, 0, 0, 2, 53.07, 104426, 2181, 0, 0
1938, 0, 71, 449, 447, 137, 8.89%, 0, 0, 2, 53.47, 104700, 2181, 0, 0
1943, 0, 71, 449, 447, 137, 8.89%, 0, 0, 2, 53.38, 104974, 2181, 0, 0
1948, 0, 71, 449, 447, 137, 8.89%, 0, 0, 2, 53.40, 105249, 2181, 0, 0
1953, 0, 71, 449, 447, 137, 8.89%, 0, 0, 2, 53.90, 105525, 2181, 0, 0
1958, 0, 71, 449, 447, 137, 8.89%, 0, 0, 2, 53.64, 105801, 2181, 0, 0
1963, 0, 71, 449, 447, 137, 8.89%, 0, 0, 2, 53.39, 106078, 2181, 0, 0
1968, 0, 71, 449, 447, 137, 8.89%, 0, 0, 2, 54.09, 106358, 2181, 0, 0
1974, 0, 71, 449, 447, 137, 8.89%, 0, 0, 2, 54.38, 106638, 2181, 0, 0
1979, 0, 71, 449, 447, 137, 8.89%, 0, 0, 2, 54.25, 106917, 2181, 0, 0
1984, 0, 71, 449, 447, 137, 8.89%, 0, 0, 2, 53.54, 107191, 2181, 0, 0
1989, 0, 71, 450, 448, 137, 8.89%, 0, 0, 2, 53.25, 107464, 2181, 0, 0
1994, 0, 71, 450, 448, 137, 8.89%, 0, 0, 2, 53.32, 107738, 2181, 0, 0
1999, 0, 71, 456, 453, 136, 8.91%, 0, 0, 2, 54.02, 108010, 2186, 0, 0
2004, 0, 71, 479, 476, 136, 9.00%, 0, 0, 2, 54.11, 108283, 2208, 0, 0
2010, 0, 71, 511, 508, 136, 9.09%, 0, 0, 2, 53.56, 108565, 2231, 0, 0
2015, 0, 71, 544, 541, 136, 9.18%, 0, 0, 2, 53.73, 108844, 2253, 0, 0
2020, 0, 71, 578, 575, 136, 9.28%, 0, 0, 2, 54.00, 109129, 2277, 0, 0
2025, 0, 71, 612, 609, 136, 9.49%, 0, 0, 2, 54.35, 109412, 2330, 0, 0
2030, 0, 71, 647, 644, 136, 9.68%, 0, 0, 2, 54.23, 109699, 2376, 0, 0
2036, 0, 74, 679, 676, 206, 9.73%, 0, 0, 2, 54.33, 110008, 2389, 0, 0
2041, 0, 74, 681, 678, 206, 9.73%, 0, 0, 2, 53.36, 110274, 2389, 0, 0
2046, 0, 74, 681, 678, 206, 9.73%, 0, 0, 2, 53.73, 110550, 2389, 0, 0
2051, 0, 74, 681, 678, 206, 9.73%, 0, 0, 2, 53.41, 110825, 2389, 0, 0
2057, 0, 74, 681, 678, 206, 9.73%, 0, 0, 2, 53.99, 111100, 2389, 0, 0
2062, 0, 74, 681, 678, 206, 9.73%, 0, 0, 2, 53.56, 111376, 2389, 0, 0
2067, 0, 74, 681, 678, 206, 9.73%, 0, 0, 2, 54.12, 111653, 2389, 0, 0
2072, 0, 74, 681, 678, 206, 9.73%, 0, 0, 2, 53.38, 111927, 2389, 0, 0
2077, 0, 74, 681, 678, 206, 9.73%, 0, 0, 2, 54.10, 112198, 2389, 0, 0
2082, 0, 74, 681, 678, 206, 9.73%, 0, 0, 2, 53.98, 112479, 2389, 0, 0
2087, 0, 74, 681, 678, 206, 9.73%, 0, 0, 2, 53.91, 112754, 2389, 0, 0
2092, 0, 74, 681, 678, 206, 9.73%, 0, 0, 2, 54.09, 113032, 2389, 0, 0
2098, 0, 74, 681, 678, 206, 9.73%, 0, 0, 2, 53.95, 113310, 2389, 0, 0
2103, 0, 74, 681, 678, 206, 9.73%, 0, 0, 2, 53.64, 113585, 2389, 0, 0
2108, 0, 74, 681, 678, 206, 9.73%, 0, 0, 2, 53.75, 113864, 2389, 0, 0
2113, 0, 74, 681, 678, 206, 9.73%, 0, 0, 2, 53.91, 114139, 2389, 0, 0
2118, 0, 74, 681, 678, 206, 9.73%, 0, 0, 2, 54.78, 114414, 2389, 0, 0
2123, 0, 74, 681, 678, 206, 9.73%, 0, 0, 2, 54.55, 114689, 2389, 0, 0
2128, 0, 74, 681, 678, 206, 9.73%, 0, 0, 2, 54.29, 114961, 2389, 0, 0
2133, 0, 74, 681, 678, 206, 9.73%, 0, 0, 2, 53.99, 115238, 2389, 0, 0
2138, 0, 74, 681, 678, 206, 9.73%, 0, 0, 2, 53.93, 115516, 2389, 0, 0
2143, 0, 74, 681, 678, 206, 9.73%, 0, 0, 2, 53.82, 115786, 2389, 0, 0
2149, 0, 74, 681, 678, 206, 9.73%, 0, 0, 2, 54.19, 116069, 2389, 0, 0
2154, 0, 74, 681, 678, 206, 9.73%, 0, 0, 2, 54.40, 116347, 2389, 0, 0
2159, 0, 390, 681, 677, 205, 9.73%, 0, 0, 2, 54.39, 116625, 2389, 0, 0
2164, 0, 390, 681, 677, 205, 9.73%, 0, 0, 2, 53.08, 116890, 2389, 0, 0
2169, 0, 390, 681, 677, 205, 9.73%, 0, 0, 2, 52.68, 117152, 2389, 0, 0
2174, 0, 390, 682, 678, 205, 9.74%, 0, 0, 3, 52.29, 117421, 2391, 0, 0
2179, 0, 390, 682, 678, 205, 9.74%, 0, 0, 3, 51.81, 117681, 2391, 0, 0
2184, 0, 390, 683, 679, 205, 9.74%, 0, 0, 3, 52.30, 117946, 2391, 0, 0
2189, 0, 390, 683, 679, 205, 9.74%, 0, 0, 3, 52.12, 118208, 2391, 0, 0
2195, 0, 390, 683, 679, 205, 9.74%, 0, 0, 3, 52.09, 118480, 2391, 0, 0
2200, 0, 390, 683, 679, 205, 9.74%, 0, 0, 3, 52.15, 118742, 2391, 0, 0
2205, 0, 390, 683, 679, 205, 9.74%, 0, 0, 3, 52.38, 119004, 2391, 0, 0
2210, 0, 390, 683, 679, 205, 9.74%, 0, 0, 3, 52.54, 119267, 2391, 0, 0
2215, 0, 390, 683, 679, 205, 9.74%, 0, 0, 3, 52.25, 119538, 2391, 0, 0
2220, 0, 390, 683, 679, 205, 9.74%, 0, 0, 3, 52.29, 119801, 2391, 0, 0
2225, 0, 390, 683, 679, 205, 9.74%, 0, 0, 3, 52.45, 120064, 2391, 0, 0
2230, 0, 390, 683, 679, 205, 9.74%, 0, 0, 3, 52.69, 120327, 2391, 0, 0
2235, 0, 390, 683, 679, 205, 9.74%, 0, 0, 3, 52.58, 120599, 2391, 0, 0
2240, 0, 390, 684, 680, 205, 9.74%, 0, 0, 3, 53.10, 120874, 2391, 0, 0
2245, 0, 390, 685, 681, 205, 9.74%, 0, 0, 3, 53.29, 121145, 2391, 0, 0
2250, 0, 390, 685, 681, 205, 9.74%, 0, 0, 3, 52.85, 121418, 2391, 0, 0
2256, 0, 390, 685, 681, 205, 9.74%, 0, 0, 3, 52.85, 121692, 2391, 0, 0
2261, 0, 390, 686, 682, 205, 9.74%, 0, 0, 3, 52.73, 121964, 2391, 0, 0
2266, 0, 390, 686, 682, 205, 9.74%, 0, 0, 3, 52.06, 122225, 2391, 0, 0
2271, 0, 390, 687, 683, 205, 9.75%, 0, 0, 3, 52.17, 122492, 2393, 0, 0
2276, 0, 390, 687, 683, 205, 9.75%, 0, 0, 3, 52.40, 122765, 2393, 0, 0
2281, 0, 390, 687, 683, 205, 9.75%, 0, 0, 3, 52.64, 123039, 2393, 0, 0
2286, 0, 390, 687, 683, 205, 9.75%, 0, 0, 3, 53.09, 123313, 2393, 0, 0
2292, 0, 390, 687, 683, 205, 9.75%, 0, 0, 3, 52.96, 123586, 2393, 0, 0
2297, 0, 390, 687, 683, 205, 9.75%, 0, 0, 3, 52.64, 123849, 2393, 0, 0
2302, 0, 390, 687, 683, 205, 9.75%, 0, 0, 3, 52.71, 124122, 2393, 0, 0
2307, 0, 390, 687, 683, 205, 9.75%, 0, 0, 3, 53.06, 124397, 2393, 0, 0
2308, 0, 390, 687, 683, 205, 9.75%, 0, 0, 3, 52.80, 124460, 2393, 0, 0
