# relative_time, cycles_done, cur_item, corpus_count, pending_total, pending_favs, map_size, saved_crashes, saved_hangs, max_depth, execs_per_sec, total_execs, edges_found, total_crashes, servers_count
61, 0, 2, 659, 255, 72, 23.10%, 0, 0, 2, 57.25, 7472, 756, 0, 0
66, 0, 2, 662, 258, 72, 23.10%, 0, 0, 2, 58.68, 7771, 756, 0, 0
71, 0, 2, 664, 260, 72, 23.10%, 0, 0, 2, 58.75, 8052, 756, 0, 0
76, 0, 2, 667, 263, 72, 23.10%, 0, 0, 2, 57.96, 8343, 756, 0, 0
81, 0, 2, 667, 263, 72, 23.10%, 0, 0, 2, 61.01, 8662, 756, 0, 0
86, 0, 2, 667, 263, 72, 23.10%, 0, 0, 2, 61.65, 8971, 756, 0, 0
91, 0, 2, 670, 266, 72, 23.10%, 0, 0, 2, 59.27, 9263, 756, 0, 0
96, 0, 2, 671, 267, 72, 23.10%, 0, 0, 2, 61.11, 9574, 756, 0, 0
101, 0, 2, 672, 268, 72, 23.10%, 0, 0, 2, 61.22, 9876, 756, 0, 0
106, 0, 2, 674, 270, 72, 23.10%, 0, 0, 2, 59.54, 10167, 756, 0, 0
112, 0, 2, 676, 272, 72, 23.10%, 0, 0, 2, 61.20, 10486, 756, 0, 0
117, 0, 2, 678, 274, 72, 23.10%, 0, 0, 2, 60.54, 10786, 756, 0, 0
122, 0, 2, 678, 274, 72, 23.10%, 0, 0, 2, 60.14, 11102, 756, 0, 0
127, 0, 2, 679, 275, 72, 23.10%, 0, 0, 2, 61.53, 11412, 756, 0, 0
132, 0, 2, 679, 275, 72, 23.10%, 0, 0, 2, 61.61, 11732, 756, 0, 0
137, 0, 3, 682, 278, 81, 23.10%, 0, 0, 2, 60.91, 12038, 756, 0, 0
142, 0, 3, 683, 279, 81, 23.10%, 0, 0, 2, 62.49, 12352, 756, 0, 0
147, 0, 3, 686, 282, 81, 23.10%, 0, 0, 2, 60.42, 12653, 756, 0, 0
152, 0, 3, 687, 283, 81, 23.10%, 0, 0, 2, 58.46, 12925, 756, 0, 0
157, 0, 3, 689, 285, 81, 23.13%, 0, 0, 2, 59.17, 13225, 757, 0, 0
162, 0, 3, 691, 287, 81, 23.13%, 0, 0, 2, 58.21, 13505, 757, 0, 0
167, 0, 3, 692, 288, 81, 23.13%, 0, 0, 2, 59.42, 13806, 757, 0, 0
172, 0, 3, 694, 290, 81, 23.13%, 0, 0, 2, 59.93, 14109, 757, 0, 0
178, 0, 3, 694, 290, 81, 23.13%, 0, 0, 2, 59.71, 14420, 757, 0, 0
183, 0, 3, 694, 290, 81, 23.13%, 0, 0, 2, 59.20, 14730, 757, 0, 0
188, 0, 3, 694, 290, 81, 23.13%, 0, 0, 2, 60.54, 15046, 757, 0, 0
193, 0, 3, 694, 290, 81, 23.13%, 0, 0, 2, 59.69, 15349, 757, 0, 0
198, 0, 3, 694, 290, 81, 23.13%, 0, 0, 2, 60.42, 15653, 757, 0, 0
203, 0, 3, 694, 290, 81, 23.13%, 0, 0, 2, 60.04, 15956, 757, 0, 0
208, 0, 3, 694, 290, 81, 23.13%, 0, 0, 2, 60.15, 16257, 757, 0, 0
213, 0, 3, 694, 290, 81, 23.13%, 0, 0, 2, 61.05, 16568, 757, 0, 0
218, 0, 3, 694, 290, 81, 23.13%, 0, 0, 2, 60.91, 16873, 757, 0, 0
223, 0, 3, 694, 290, 81, 23.13%, 0, 0, 2, 60.95, 17187, 757, 0, 0
228, 0, 3, 694, 290, 81, 23.13%, 0, 0, 2, 60.52, 17491, 757, 0, 0
234, 0, 3, 695, 291, 81, 23.13%, 0, 0, 2, 58.59, 17789, 757, 0, 0
239, 0, 3, 695, 291, 81, 23.13%, 0, 0, 2, 60.38, 18104, 757, 0, 0
244, 0, 3, 695, 291, 81, 23.13%, 0, 0, 2, 60.76, 18409, 757, 0, 0
249, 0, 5, 695, 291, 82, 23.13%, 0, 0, 2, 59.41, 18708, 757, 0, 0
254, 0, 5, 696, 292, 82, 23.13%, 0, 0, 2, 60.56, 19009, 757, 0, 0
259, 0, 5, 696, 292, 82, 23.13%, 0, 0, 2, 61.95, 19318, 757, 0, 0
264, 0, 5, 696, 292, 82, 23.13%, 0, 0, 2, 61.22, 19639, 757, 0, 0
269, 0, 5, 696, 292, 82, 23.13%, 0, 0, 2, 62.26, 19950, 757, 0, 0
274, 0, 5, 697, 293, 82, 23.13%, 0, 0, 2, 60.65, 20265, 757, 0, 0
279, 0, 5, 697, 293, 82, 23.13%, 0, 0, 2, 59.02, 20558, 757, 0, 0
285, 0, 5, 699, 295, 82, 23.13%, 0, 0, 2, 60.44, 20867, 757, 0, 0
290, 0, 5, 699, 295, 82, 23.13%, 0, 0, 2, 59.68, 21177, 757, 0, 0
295, 0, 5, 699, 295, 82, 23.13%, 0, 0, 2, 61.44, 21494, 757, 0, 0
300, 0, 5, 699, 295, 82, 23.13%, 0, 0, 2, 61.40, 21802, 757, 0, 0
305, 0, 5, 699, 295, 82, 23.13%, 0, 0, 2, 60.48, 22115, 757, 0, 0
310, 0, 5, 699, 295, 82, 23.13%, 0, 0, 2, 61.99, 22427, 757, 0, 0
315, 0, 5, 699, 295, 82, 23.13%, 0, 0, 2, 62.65, 22751, 757, 0, 0
321, 0, 5, 699, 295, 82, 23.13%, 0, 0, 2, 61.93, 23071, 757, 0, 0
326, 0, 5, 699, 295, 82, 23.13%, 0, 0, 2, 62.67, 23387, 757, 0, 0
331, 0, 5, 701, 297, 82, 23.13%, 0, 0, 2, 60.07, 23666, 757, 0, 0
336, 0, 5, 702, 298, 82, 23.13%, 0, 0, 2, 60.95, 23977, 757, 0, 0
341, 0, 5, 703, 299, 82, 23.13%, 0, 0, 2, 59.11, 24270, 757, 0, 0
346, 0, 5, 703, 299, 82, 23.13%, 0, 0, 2, 61.69, 24583, 757, 0, 0
351, 0, 5, 704, 300, 82, 23.13%, 0, 0, 2, 62.04, 24897, 757, 0, 0
356, 0, 5, 704, 300, 82, 23.13%, 0, 0, 2, 60.69, 25203, 757, 0, 0
361, 0, 6, 704, 300, 82, 23.13%, 0, 0, 2, 50.87, 25462, 757, 0, 0
366, 0, 6, 704, 300, 82, 23.13%, 0, 0, 2, 45.02, 25688, 757, 0, 0
371, 0, 6, 704, 300, 82, 23.13%, 0, 0, 2, 47.08, 25933, 757, 0, 0
376, 0, 6, 705, 301, 82, 23.13%, 0, 0, 2, 49.76, 26176, 757, 0, 0
382, 0, 6, 705, 301, 82, 23.13%, 0, 0, 2, 45.18, 26422, 757, 0, 0
387, 0, 6, 706, 302, 82, 23.13%, 0, 0, 2, 46.57, 26657, 757, 0, 0
392, 0, 6, 707, 303, 82, 23.13%, 0, 0, 2, 47.27, 26897, 757, 0, 0
397, 0, 6, 709, 305, 82, 23.16%, 0, 0, 2, 49.19, 27139, 758, 0, 0
402, 0, 6, 709, 305, 82, 23.16%, 0, 0, 2, 48.71, 27378, 758, 0, 0
407, 0, 6, 709, 305, 82, 23.16%, 0, 0, 2, 49.33, 27627, 758, 0, 0
412, 0, 6, 709, 305, 82, 23.16%, 0, 0, 2, 48.94, 27877, 758, 0, 0
417, 0, 6, 710, 306, 82, 23.16%, 0, 0, 2, 48.98, 28125, 758, 0, 0
423, 0, 6, 710, 306, 82, 23.16%, 0, 0, 2, 50.56, 28383, 758, 0, 0
428, 0, 6, 710, 306, 82, 23.16%, 0, 0, 2, 48.58, 28632, 758, 0, 0
433, 0, 6, 712, 308, 82, 23.16%, 0, 0, 2, 47.68, 28864, 758, 0, 0
438, 0, 6, 713, 309, 82, 23.16%, 0, 0, 2, 50.10, 29118, 758, 0, 0
443, 0, 6, 713, 309, 82, 23.16%, 0, 0, 2, 47.82, 29359, 758, 0, 0
448, 0, 6, 713, 309, 82, 23.16%, 0, 0, 2, 50.63, 29617, 758, 0, 0
453, 0, 6, 713, 309, 82, 23.16%, 0, 0, 2, 48.76, 29873, 758, 0, 0
458, 0, 6, 713, 309, 82, 23.16%, 0, 0, 2, 49.66, 30124, 758, 0, 0
463, 0, 6, 713, 309, 82, 23.16%, 0, 0, 2, 46.68, 30366, 758, 0, 0
469, 0, 6, 713, 309, 82, 23.16%, 0, 0, 2, 48.85, 30620, 758, 0, 0
474, 0, 6, 713, 309, 82, 23.16%, 0, 0, 2, 47.19, 30855, 758, 0, 0
479, 0, 6, 714, 310, 82, 23.16%, 0, 0, 2, 48.33, 31106, 758, 0, 0
484, 0, 6, 714, 310, 82, 23.16%, 0, 0, 2, 47.54, 31361, 758, 0, 0
489, 0, 6, 714, 310, 82, 23.16%, 0, 0, 2, 48.38, 31605, 758, 0, 0
494, 0, 6, 714, 310, 82, 23.16%, 0, 0, 2, 49.75, 31857, 758, 0, 0
499, 0, 8, 714, 310, 81, 23.16%, 0, 0, 2, 56.25, 32140, 758, 0, 0
504, 0, 8, 714, 310, 81, 23.16%, 0, 0, 2, 58.91, 32437, 758, 0, 0
509, 0, 8, 714, 310, 81, 23.16%, 0, 0, 2, 60.88, 32747, 758, 0, 0
514, 0, 8, 714, 310, 81, 23.16%, 0, 0, 2, 61.85, 33061, 758, 0, 0
519, 0, 8, 715, 311, 81, 23.16%, 0, 0, 2, 60.11, 33364, 758, 0, 0
524, 0, 8, 715, 311, 81, 23.16%, 0, 0, 2, 60.32, 33668, 758, 0, 0
529, 0, 8, 715, 311, 81, 23.16%, 0, 0, 2, 60.95, 33972, 758, 0, 0
534, 0, 8, 715, 311, 81, 23.16%, 0, 0, 2, 62.46, 34286, 758, 0, 0
540, 0, 8, 715, 311, 81, 23.16%, 0, 0, 2, 59.83, 34588, 758, 0, 0
545, 0, 8, 715, 311, 81, 23.16%, 0, 0, 2, 60.13, 34898, 758, 0, 0
550, 0, 8, 715, 311, 81, 23.16%, 0, 0, 2, 58.87, 35207, 758, 0, 0
555, 0, 8, 715, 311, 81, 23.16%, 0, 0, 2, 60.73, 35515, 758, 0, 0
560, 0, 8, 715, 311, 81, 23.16%, 0, 0, 2, 61.43, 35821, 758, 0, 0
565, 0, 8, 715, 311, 81, 23.16%, 0, 0, 2, 61.20, 36130, 758, 0, 0
570, 0, 8, 715, 311, 81, 23.16%, 0, 0, 2, 60.68, 36438, 758, 0, 0
575, 0, 8, 715, 311, 81, 23.16%, 0, 0, 2, 60.94, 36747, 758, 0, 0
580, 0, 9, 715, 311, 81, 23.16%, 0, 0, 2, 60.52, 37060, 758, 0, 0
585, 0, 9, 715, 311, 81, 23.16%, 0, 0, 2, 60.15, 37360, 758, 0, 0
591, 0, 9, 715, 311, 81, 23.16%, 0, 0, 2, 59.10, 37661, 758, 0, 0
596, 0, 9, 715, 311, 81, 23.16%, 0, 0, 2, 59.49, 37959, 758, 0, 0
601, 0, 9, 716, 312, 81, 23.16%, 0, 0, 2, 59.01, 38256, 758, 0, 0
606, 0, 9, 716, 312, 81, 23.16%, 0, 0, 2, 59.81, 38559, 758, 0, 0
611, 0, 9, 716, 312, 81, 23.16%, 0, 0, 2, 60.04, 38862, 758, 0, 0
616, 0, 9, 716, 312, 81, 23.16%, 0, 0, 2, 60.02, 39162, 758, 0, 0
621, 0, 9, 716, 312, 81, 23.16%, 0, 0, 2, 58.28, 39456, 758, 0, 0
626, 0, 9, 716, 312, 81, 23.16%, 0, 0, 2, 60.29, 39774, 758, 0, 0
631, 0, 9, 716, 312, 81, 23.16%, 0, 0, 2, 59.75, 40081, 758, 0, 0
636, 0, 9, 716, 312, 81, 23.16%, 0, 0, 2, 59.29, 40387, 758, 0, 0
641, 0, 9, 716, 312, 81, 23.16%, 0, 0, 2, 60.55, 40693, 758, 0, 0
647, 0, 9, 716, 312, 81, 23.16%, 0, 0, 2, 60.38, 41006, 758, 0, 0
652, 0, 9, 717, 313, 81, 23.16%, 0, 0, 2, 58.75, 41270, 758, 0, 0
657, 0, 9, 718, 314, 81, 23.16%, 0, 0, 2, 59.10, 41576, 758, 0, 0
662, 0, 11, 718, 314, 82, 23.16%, 0, 0, 2, 59.89, 41882, 758, 0, 0
667, 0, 11, 718, 314, 82, 23.16%, 0, 0, 2, 60.63, 42191, 758, 0, 0
672, 0, 11, 718, 314, 82, 23.16%, 0, 0, 2, 60.83, 42498, 758, 0, 0
677, 0, 11, 718, 314, 82, 23.16%, 0, 0, 2, 60.64, 42812, 758, 0, 0
682, 0, 11, 718, 314, 82, 23.16%, 0, 0, 2, 61.18, 43117, 758, 0, 0
687, 0, 11, 718, 314, 82, 23.16%, 0, 0, 2, 61.38, 43436, 758, 0, 0
692, 0, 11, 718, 314, 82, 23.16%, 0, 0, 2, 61.05, 43744, 758, 0, 0
697, 0, 11, 718, 314, 82, 23.16%, 0, 0, 2, 62.08, 44058, 758, 0, 0
702, 0, 17, 718, 314, 82, 23.16%, 0, 0, 2, 63.37, 44379, 758, 0, 0
708, 0, 17, 718, 314, 82, 23.16%, 0, 0, 2, 62.84, 44698, 758, 0, 0
713, 0, 17, 718, 314, 82, 23.16%, 0, 0, 2, 63.06, 45014, 758, 0, 0
718, 0, 17, 718, 314, 82, 23.16%, 0, 0, 2, 63.16, 45334, 758, 0, 0
723, 0, 17, 718, 314, 82, 23.16%, 0, 0, 2, 62.49, 45649, 758, 0, 0
728, 0, 17, 719, 315, 82, 23.19%, 0, 0, 2, 61.69, 45964, 759, 0, 0
733, 0, 17, 719, 315, 82, 23.19%, 0, 0, 2, 62.96, 46283, 759, 0, 0
738, 0, 17, 719, 315, 82, 23.19%, 0, 0, 2, 62.88, 46598, 759, 0, 0
743, 0, 17, 719, 315, 82, 23.19%, 0, 0, 2, 63.05, 46915, 759, 0, 0
748, 0, 17, 719, 315, 82, 23.19%, 0, 0, 2, 63.51, 47235, 759, 0, 0
753, 0, 18, 719, 315, 82, 23.19%, 0, 0, 2, 63.21, 47551, 759, 0, 0
758, 0, 18, 719, 315, 82, 23.19%, 0, 0, 2, 60.10, 47850, 759, 0, 0
763, 0, 18, 719, 315, 82, 23.19%, 0, 0, 2, 60.47, 48156, 759, 0, 0
768, 0, 18, 719, 315, 82, 23.19%, 0, 0, 2, 61.66, 48477, 759, 0, 0
773, 0, 18, 719, 315, 82, 23.19%, 0, 0, 2, 61.14, 48784, 759, 0, 0
778, 0, 18, 719, 315, 82, 23.19%, 0, 0, 2, 60.65, 49087, 759, 0, 0
784, 0, 20, 719, 315, 82, 23.19%, 0, 0, 2, 59.06, 49393, 759, 0, 0
789, 0, 20, 719, 315, 82, 23.19%, 0, 0, 2, 60.12, 49698, 759, 0, 0
794, 0, 20, 720, 316, 82, 23.19%, 0, 0, 2, 60.58, 50006, 759, 0, 0
799, 0, 20, 720, 316, 82, 23.19%, 0, 0, 2, 61.18, 50324, 759, 0, 0
804, 0, 20, 720, 316, 82, 23.19%, 0, 0, 2, 60.34, 50628, 759, 0, 0
809, 0, 20, 721, 317, 82, 23.19%, 0, 0, 2, 61.54, 50945, 759, 0, 0
814, 0, 20, 721, 317, 82, 23.19%, 0, 0, 2, 60.03, 51257, 759, 0, 0
819, 0, 20, 721, 317, 82, 23.19%, 0, 0, 2, 58.92, 51558, 759, 0, 0
824, 0, 20, 723, 319, 82, 23.19%, 0, 0, 2, 59.99, 51860, 759, 0, 0
830, 0, 20, 724, 320, 82, 23.19%, 0, 0, 2, 61.43, 52173, 759, 0, 0
835, 0, 20, 724, 320, 82, 23.19%, 0, 0, 2, 59.70, 52474, 759, 0, 0
840, 0, 20, 724, 320, 82, 23.19%, 0, 0, 2, 60.13, 52786, 759, 0, 0
845, 0, 20, 724, 320, 82, 23.19%, 0, 0, 2, 60.28, 53090, 759, 0, 0
850, 0, 20, 724, 320, 82, 23.19%, 0, 0, 2, 61.26, 53399, 759, 0, 0
855, 0, 20, 724, 320, 82, 23.19%, 0, 0, 2, 60.50, 53700, 759, 0, 0
860, 0, 20, 725, 321, 82, 23.19%, 0, 0, 2, 58.16, 53991, 759, 0, 0
865, 0, 21, 725, 321, 81, 23.19%, 0, 0, 2, 60.25, 54307, 759, 0, 0
870, 0, 21, 725, 321, 81, 23.19%, 0, 0, 2, 59.40, 54615, 759, 0, 0
876, 0, 21, 725, 321, 81, 23.19%, 0, 0, 2, 60.35, 54929, 759, 0, 0
881, 0, 21, 726, 322, 81, 23.19%, 0, 0, 2, 61.19, 55243, 759, 0, 0
882, 0, 22, 726, 322, 81, 23.19%, 0, 0, 2, 60.72, 55301, 759, 0, 0
965, 0, 22, 971, 567, 81, 32.81%, 0, 0, 2, 48.36, 57814, 1074, 0, 0
970, 0, 22, 972, 568, 81, 32.81%, 0, 0, 2, 56.91, 58118, 1074, 0, 0
975, 0, 22, 972, 568, 81, 32.81%, 0, 0, 2, 57.78, 58410, 1074, 0, 0
980, 0, 22, 972, 568, 81, 32.81%, 0, 0, 2, 60.69, 58720, 1074, 0, 0
985, 0, 22, 972, 568, 81, 32.81%, 0, 0, 2, 59.66, 59029, 1074, 0, 0
990, 0, 22, 972, 568, 81, 32.81%, 0, 0, 2, 59.61, 59329, 1074, 0, 0
995, 0, 22, 972, 568, 81, 32.81%, 0, 0, 2, 59.28, 59637, 1074, 0, 0
1000, 0, 22, 972, 568, 81, 32.81%, 0, 0, 2, 59.16, 59934, 1074, 0, 0
1005, 0, 22, 972, 568, 81, 32.81%, 0, 0, 2, 59.92, 60238, 1074, 0, 0
1010, 0, 22, 972, 568, 81, 32.81%, 0, 0, 2, 60.74, 60545, 1074, 0, 0
1016, 0, 22, 972, 568, 81, 32.81%, 0, 0, 2, 60.30, 60858, 1074, 0, 0
1021, 0, 22, 972, 568, 81, 32.81%, 0, 0, 2, 59.45, 61168, 1074, 0, 0
1026, 0, 22, 972, 568, 81, 32.81%, 0, 0, 2, 59.67, 61469, 1074, 0, 0
1031, 0, 22, 972, 568, 81, 32.81%, 0, 0, 2, 59.21, 61769, 1074, 0, 0
1036, 0, 22, 972, 568, 81, 32.81%, 0, 0, 2, 64.16, 62067, 1074, 0, 0
1041, 0, 22, 972, 568, 81, 32.81%, 0, 0, 2, 61.56, 62370, 1074, 0, 0
1046, 0, 22, 972, 568, 81, 32.81%, 0, 0, 2, 59.57, 62671, 1074, 0, 0
1051, 0, 22, 972, 568, 81, 32.81%, 0, 0, 2, 61.38, 62982, 1074, 0, 0
1056, 0, 22, 972, 568, 81, 32.81%, 0, 0, 2, 61.53, 63290, 1074, 0, 0
1062, 0, 22, 972, 568, 81, 32.81%, 0, 0, 2, 61.60, 63611, 1074, 0, 0
1067, 0, 22, 972, 568, 81, 32.81%, 0, 0, 2, 61.40, 63919, 1074, 0, 0
1072, 0, 22, 972, 568, 81, 32.81%, 0, 0, 2, 59.93, 64228, 1074, 0, 0
1077, 0, 22, 972, 568, 81, 32.81%, 0, 0, 2, 61.07, 64536, 1074, 0, 0
1082, 0, 22, 972, 568, 81, 32.81%, 0, 0, 2, 61.34, 64844, 1074, 0, 0
1087, 0, 22, 972, 568, 81, 32.81%, 0, 0, 2, 60.81, 65150, 1074, 0, 0
1092, 0, 22, 972, 568, 81, 32.81%, 0, 0, 2, 61.50, 65457, 1074, 0, 0
1097, 0, 22, 972, 568, 81, 32.81%, 0, 0, 2, 60.24, 65769, 1074, 0, 0
1102, 0, 22, 972, 568, 81, 32.81%, 0, 0, 2, 60.45, 66080, 1074, 0, 0
1107, 0, 22, 972, 568, 81, 32.81%, 0, 0, 2, 61.17, 66399, 1074, 0, 0
1112, 0, 22, 972, 568, 81, 32.81%, 0, 0, 2, 59.59, 66699, 1074, 0, 0
1118, 0, 22, 972, 568, 81, 32.81%, 0, 0, 2, 59.72, 67009, 1074, 0, 0
1123, 0, 22, 972, 568, 81, 32.81%, 0, 0, 2, 61.68, 67332, 1074, 0, 0
1128, 0, 22, 972, 568, 81, 32.81%, 0, 0, 2, 62.08, 67643, 1074, 0, 0
1133, 0, 22, 972, 568, 81, 32.81%, 0, 0, 2, 61.03, 67946, 1074, 0, 0
1138, 0, 22, 972, 568, 81, 32.81%, 0, 0, 2, 60.44, 68259, 1074, 0, 0
1143, 0, 22, 972, 568, 81, 32.81%, 0, 0, 2, 60.28, 68576, 1074, 0, 0
1148, 0, 22, 972, 568, 81, 32.81%, 0, 0, 2, 59.60, 68873, 1074, 0, 0
1153, 0, 22, 972, 568, 81, 32.81%, 0, 0, 2, 61.40, 69183, 1074, 0, 0
1158, 0, 22, 973, 569, 81, 32.81%, 0, 0, 2, 25.79, 69454, 1074, 0, 0
1163, 0, 22, 973, 569, 81, 32.81%, 0, 0, 2, 53.82, 69768, 1074, 0, 0
1169, 0, 22, 973, 569, 81, 32.81%, 0, 0, 2, 60.05, 70084, 1074, 0, 0
1174, 0, 22, 973, 569, 81, 32.81%, 0, 0, 2, 59.79, 70396, 1074, 0, 0
1179, 0, 22, 973, 569, 81, 32.81%, 0, 0, 2, 60.54, 70710, 1074, 0, 0
1184, 0, 22, 973, 569, 81, 32.81%, 0, 0, 2, 61.87, 71021, 1074, 0, 0
1189, 0, 22, 973, 569, 81, 32.81%, 0, 0, 2, 60.30, 71326, 1074, 0, 0
1194, 0, 22, 973, 569, 81, 32.81%, 0, 0, 2, 61.62, 71644, 1074, 0, 0
1199, 0, 22, 973, 569, 81, 32.81%, 0, 0, 2, 61.71, 71966, 1074, 0, 0
1205, 0, 22, 973, 569, 81, 32.81%, 0, 0, 2, 61.56, 72286, 1074, 0, 0
1210, 0, 22, 974, 570, 81, 32.81%, 0, 0, 2, 60.25, 72588, 1074, 0, 0
1215, 0, 22, 974, 570, 81, 32.81%, 0, 0, 2, 60.37, 72892, 1074, 0, 0
1220, 0, 22, 974, 570, 81, 32.81%, 0, 0, 2, 60.63, 73197, 1074, 0, 0
1225, 0, 22, 974, 570, 81, 32.81%, 0, 0, 2, 59.45, 73505, 1074, 0, 0
1230, 0, 22, 974, 570, 81, 32.81%, 0, 0, 2, 58.73, 73813, 1074, 0, 0
1235, 0, 22, 974, 570, 81, 32.81%, 0, 0, 2, 59.68, 74125, 1074, 0, 0
1240, 0, 22, 974, 570, 81, 32.81%, 0, 0, 2, 60.54, 74431, 1074, 0, 0
1245, 0, 22, 974, 570, 81, 32.81%, 0, 0, 2, 60.47, 74732, 1074, 0, 0
1251, 0, 22, 974, 570, 81, 32.81%, 0, 0, 2, 60.36, 75046, 1074, 0, 0
1256, 0, 22, 974, 570, 81, 32.81%, 0, 0, 2, 60.44, 75350, 1074, 0, 0
1261, 0, 22, 974, 570, 81, 32.81%, 0, 0, 2, 61.06, 75655, 1074, 0, 0
1266, 0, 22, 974, 570, 81, 32.81%, 0, 0, 2, 61.16, 75962, 1074, 0, 0
1271, 0, 22, 974, 570, 81, 32.81%, 0, 0, 2, 61.40, 76270, 1074, 0, 0
1276, 0, 22, 974, 570, 81, 32.81%, 0, 0, 2, 62.09, 76584, 1074, 0, 0
1281, 0, 22, 974, 570, 81, 32.81%, 0, 0, 2, 61.21, 76887, 1074, 0, 0
1286, 0, 22, 974, 570, 81, 32.81%, 0, 0, 2, 60.67, 77191, 1074, 0, 0
1291, 0, 22, 974, 570, 81, 32.81%, 0, 0, 2, 60.64, 77502, 1074, 0, 0
1296, 0, 22, 974, 570, 81, 32.81%, 0, 0, 2, 61.27, 77819, 1074, 0, 0
1301, 0, 22, 974, 570, 81, 32.81%, 0, 0, 2, 60.60, 78122, 1074, 0, 0
1306, 0, 22, 974, 570, 81, 32.81%, 0, 0, 2, 60.95, 78438, 1074, 0, 0
1311, 0, 22, 974, 570, 81, 32.81%, 0, 0, 2, 59.38, 78734, 1074, 0, 0
1316, 0, 22, 974, 570, 81, 32.81%, 0, 0, 2, 60.53, 79050, 1074, 0, 0
1322, 0, 22, 974, 570, 81, 32.81%, 0, 0, 2, 59.48, 79361, 1074, 0, 0
1327, 0, 22, 974, 570, 81, 32.81%, 0, 0, 2, 60.56, 79664, 1074, 0, 0
1332, 0, 22, 974, 570, 81, 32.81%, 0, 0, 2, 60.64, 79978, 1074, 0, 0
1337, 0, 22, 974, 570, 81, 32.81%, 0, 0, 2, 60.76, 80282, 1074, 0, 0
1342, 0, 22, 974, 570, 81, 32.81%, 0, 0, 2, 60.39, 80585, 1074, 0, 0
1347, 0, 22, 974, 570, 81, 32.81%, 0, 0, 2, 61.62, 80904, 1074, 0, 0
1352, 0, 22, 974, 570, 81, 32.81%, 0, 0, 2, 62.32, 81217, 1074, 0, 0
1357, 0, 22, 974, 570, 81, 32.81%, 0, 0, 2, 60.95, 81516, 1074, 0, 0
1362, 0, 22, 974, 570, 81, 32.81%, 0, 0, 2, 61.89, 81838, 1074, 0, 0
1367, 0, 22, 974, 570, 81, 32.81%, 0, 0, 2, 60.54, 82150, 1074, 0, 0
1372, 0, 22, 974, 570, 81, 32.81%, 0, 0, 2, 60.23, 82448, 1074, 0, 0
1378, 0, 22, 974, 570, 81, 32.81%, 0, 0, 2, 59.68, 82756, 1074, 0, 0
1383, 0, 22, 974, 570, 81, 32.81%, 0, 0, 2, 59.83, 83067, 1074, 0, 0
1388, 0, 22, 975, 571, 81, 32.81%, 0, 0, 2, 61.48, 83383, 1074, 0, 0
1393, 0, 22, 975, 571, 81, 32.81%, 0, 0, 2, 60.66, 83686, 1074, 0, 0
1398, 0, 22, 975, 571, 81, 32.81%, 0, 0, 2, 59.72, 83986, 1074, 0, 0
1403, 0, 22, 975, 571, 81, 32.81%, 0, 0, 2, 60.88, 84303, 1074, 0, 0
1408, 0, 22, 975, 571, 81, 32.81%, 0, 0, 2, 59.00, 84604, 1074, 0, 0
1413, 0, 22, 975, 571, 81, 32.81%, 0, 0, 2, 61.55, 84923, 1074, 0, 0
1419, 0, 22, 975, 571, 81, 32.81%, 0, 0, 2, 61.86, 85243, 1074, 0, 0
1424, 0, 22, 975, 571, 81, 32.81%, 0, 0, 2, 59.76, 85537, 1074, 0, 0
1429, 0, 22, 975, 571, 81, 32.81%, 0, 0, 2, 60.23, 85850, 1074, 0, 0
1434, 0, 22, 975, 571, 81, 32.81%, 0, 0, 2, 60.85, 86165, 1074, 0, 0
1439, 0, 22, 975, 571, 81, 32.81%, 0, 0, 2, 60.76, 86473, 1074, 0, 0
1444, 0, 22, 975, 571, 81, 32.81%, 0, 0, 2, 60.84, 86793, 1074, 0, 0
1449, 0, 22, 975, 571, 81, 32.81%, 0, 0, 2, 58.61, 87089, 1074, 0, 0
1454, 0, 22, 975, 571, 81, 32.81%, 0, 0, 2, 60.20, 87389, 1074, 0, 0
1459, 0, 22, 975, 571, 81, 32.81%, 0, 0, 2, 60.55, 87691, 1074, 0, 0
1465, 0, 22, 975, 571, 81, 32.81%, 0, 0, 2, 60.52, 88005, 1074, 0, 0
1470, 0, 22, 975, 571, 81, 32.81%, 0, 0, 2, 60.81, 88320, 1074, 0, 0
1475, 0, 22, 975, 571, 81, 32.81%, 0, 0, 2, 59.83, 88628, 1074, 0, 0
1480, 0, 22, 976, 572, 81, 32.81%, 0, 0, 2, 60.05, 88935, 1074, 0, 0
1485, 0, 22, 976, 572, 81, 32.81%, 0, 0, 2, 59.53, 89235, 1074, 0, 0
1490, 0, 22, 976, 572, 81, 32.81%, 0, 0, 2, 59.77, 89539, 1074, 0, 0
1495, 0, 22, 976, 572, 81, 32.81%, 0, 0, 2, 58.72, 89840, 1074, 0, 0
1500, 0, 22, 976, 572, 81, 32.81%, 0, 0, 2, 59.20, 90137, 1074, 0, 0
1505, 0, 22, 976, 572, 81, 32.81%, 0, 0, 2, 59.22, 90434, 1074, 0, 0
1510, 0, 537, 977, 573, 147, 32.81%, 0, 0, 2, 38.35, 90609, 1074, 0, 0
1515, 0, 537, 977, 573, 147, 32.81%, 0, 0, 2, 31.62, 90760, 1074, 0, 0
1520, 0, 537, 977, 573, 147, 32.81%, 0, 0, 2, 30.25, 90913, 1074, 0, 0
1525, 0, 537, 977, 573, 147, 32.81%, 0, 0, 2, 30.35, 91065, 1074, 0, 0
1531, 0, 537, 978, 574, 147, 32.81%, 0, 0, 2, 30.68, 91219, 1074, 0, 0
1536, 0, 537, 979, 575, 147, 32.81%, 0, 0, 2, 29.71, 91367, 1074, 0, 0
1541, 0, 537, 979, 575, 147, 32.81%, 0, 0, 2, 30.37, 91527, 1074, 0, 0
1546, 0, 537, 980, 576, 147, 32.81%, 0, 0, 2, 29.12, 91672, 1074, 0, 0
1551, 0, 537, 980, 576, 147, 32.81%, 0, 0, 2, 29.39, 91819, 1074, 0, 0
1556, 0, 537, 980, 576, 147, 32.81%, 0, 0, 2, 29.83, 91974, 1074, 0, 0
1561, 0, 537, 980, 576, 147, 32.81%, 0, 0, 2, 29.82, 92128, 1074, 0, 0
1566, 0, 537, 980, 576, 147, 32.81%, 0, 0, 2, 30.15, 92280, 1074, 0, 0
1571, 0, 537, 980, 576, 147, 32.81%, 0, 0, 2, 30.13, 92433, 1074, 0, 0
1577, 0, 537, 980, 576, 147, 32.81%, 0, 0, 2, 29.57, 92585, 1074, 0, 0
1582, 0, 537, 980, 576, 147, 32.81%, 0, 0, 2, 30.65, 92740, 1074, 0, 0
1587, 0, 537, 980, 576, 147, 32.81%, 0, 0, 2, 30.26, 92893, 1074, 0, 0
1592, 0, 537, 980, 576, 147, 32.81%, 0, 0, 2, 30.38, 93050, 1074, 0, 0
1597, 0, 537, 980, 576, 147, 32.81%, 0, 0, 2, 30.08, 93199, 1074, 0, 0
1602, 0, 537, 980, 576, 147, 32.81%, 0, 0, 2, 4.43, 93354, 1074, 0, 0
1607, 0, 537, 980, 576, 147, 32.81%, 0, 0, 2, 30.66, 93509, 1074, 0, 0
1612, 0, 537, 980, 576, 147, 32.81%, 0, 0, 2, 31.04, 93666, 1074, 0, 0
1618, 0, 537, 980, 576, 147, 32.81%, 0, 0, 2, 29.45, 93811, 1074, 0, 0
1623, 0, 537, 980, 576, 147, 32.81%, 0, 0, 2, 29.80, 93969, 1074, 0, 0
1628, 0, 537, 980, 576, 147, 32.81%, 0, 0, 2, 31.17, 94128, 1074, 0, 0
1633, 0, 537, 980, 576, 147, 32.81%, 0, 0, 2, 30.97, 94289, 1074, 0, 0
1638, 0, 537, 980, 576, 147, 32.81%, 0, 0, 2, 30.45, 94440, 1074, 0, 0
1643, 0, 537, 980, 576, 147, 32.81%, 0, 0, 2, 30.46, 94597, 1074, 0, 0
1648, 0, 537, 980, 576, 147, 32.81%, 0, 0, 2, 29.98, 94749, 1074, 0, 0
1653, 0, 537, 980, 576, 147, 32.81%, 0, 0, 2, 30.47, 94905, 1074, 0, 0
1659, 0, 537, 981, 577, 147, 32.81%, 0, 0, 2, 29.77, 95056, 1074, 0, 0
1664, 0, 537, 981, 577, 147, 32.81%, 0, 0, 2, 29.53, 95206, 1074, 0, 0
1669, 0, 537, 981, 577, 147, 32.81%, 0, 0, 2, 29.78, 95356, 1074, 0, 0
1674, 0, 537, 981, 577, 147, 32.81%, 0, 0, 2, 30.22, 95513, 1074, 0, 0
1679, 0, 537, 981, 577, 147, 32.81%, 0, 0, 2, 29.94, 95665, 1074, 0, 0
1684, 0, 537, 981, 577, 147, 32.81%, 0, 0, 2, 29.45, 95816, 1074, 0, 0
1689, 0, 537, 982, 578, 147, 32.81%, 0, 0, 2, 29.72, 95964, 1074, 0, 0
1694, 0, 537, 982, 578, 147, 32.81%, 0, 0, 2, 30.78, 96127, 1074, 0, 0
1699, 0, 537, 982, 578, 147, 32.81%, 0, 0, 2, 30.62, 96281, 1074, 0, 0
1705, 0, 537, 982, 578, 147, 32.81%, 0, 0, 2, 30.39, 96441, 1074, 0, 0
1710, 0, 537, 982, 578, 147, 32.81%, 0, 0, 2, 30.36, 96598, 1074, 0, 0
1715, 0, 537, 982, 578, 147, 32.81%, 0, 0, 2, 30.60, 96750, 1074, 0, 0
1720, 0, 537, 982, 578, 147, 32.81%, 0, 0, 2, 30.67, 96905, 1074, 0, 0
1725, 0, 537, 982, 578, 147, 32.81%, 0, 0, 2, 30.91, 97064, 1074, 0, 0
1730, 0, 537, 982, 578, 147, 32.81%, 0, 0, 2, 30.10, 97214, 1074, 0, 0
1735, 0, 537, 982, 578, 147, 32.81%, 0, 0, 2, 30.34, 97372, 1074, 0, 0
1740, 0, 537, 982, 578, 147, 32.81%, 0, 0, 2, 29.69, 97521, 1074, 0, 0
1745, 0, 537, 982, 578, 147, 32.81%, 0, 0, 2, 29.45, 97670, 1074, 0, 0
1751, 0, 537, 983, 579, 147, 32.84%, 0, 0, 2, 27.64, 97810, 1075, 0, 0
1756, 0, 537, 983, 579, 147, 32.84%, 0, 0, 2, 26.72, 97943, 1075, 0, 0
1761, 0, 537, 984, 580, 147, 32.84%, 0, 0, 2, 26.83, 98081, 1075, 0, 0
1766, 0, 537, 984, 580, 147, 32.84%, 0, 0, 2, 26.65, 98215, 1075, 0, 0
1771, 0, 537, 985, 581, 147, 32.84%, 0, 0, 2, 27.53, 98355, 1075, 0, 0
1776, 0, 537, 985, 581, 147, 32.84%, 0, 0, 2, 26.63, 98495, 1075, 0, 0
1781, 0, 537, 985, 581, 147, 32.84%, 0, 0, 2, 25.86, 98629, 1075, 0, 0
1786, 0, 537, 985, 581, 147, 32.84%, 0, 0, 2, 26.35, 98763, 1075, 0, 0
1792, 0, 537, 985, 581, 147, 32.84%, 0, 0, 2, 26.37, 98897, 1075, 0, 0
1797, 0, 537, 985, 581, 147, 32.84%, 0, 0, 2, 26.58, 99035, 1075, 0, 0
1802, 0, 537, 985, 581, 147, 32.84%, 0, 0, 2, 25.92, 99167, 1075, 0, 0
1807, 0, 537, 985, 581, 147, 32.84%, 0, 0, 2, 25.83, 99302, 1075, 0, 0
1812, 0, 537, 986, 582, 147, 32.84%, 0, 0, 2, 26.64, 99437, 1075, 0, 0
1817, 0, 537, 986, 582, 147, 32.84%, 0, 0, 2, 26.37, 99574, 1075, 0, 0
1822, 0, 537, 986, 582, 147, 32.84%, 0, 0, 2, 28.67, 99719, 1075, 0, 0
1827, 0, 537, 986, 582, 147, 32.84%, 0, 0, 2, 29.41, 99867, 1075, 0, 0
1833, 0, 537, 986, 582, 147, 32.84%, 0, 0, 2, 30.17, 100024, 1075, 0, 0
1838, 0, 537, 986, 582, 147, 32.84%, 0, 0, 2, 31.07, 100181, 1075, 0, 0
1843, 0, 537, 986, 582, 147, 32.84%, 0, 0, 2, 30.47, 100338, 1075, 0, 0
1848, 0, 537, 986, 582, 147, 32.84%, 0, 0, 2, 30.01, 100495, 1075, 0, 0
1853, 0, 537, 986, 582, 147, 32.84%, 0, 0, 2, 30.37, 100653, 1075, 0, 0
1858, 0, 537, 986, 582, 147, 32.84%, 0, 0, 2, 30.01, 100808, 1075, 0, 0
1864, 0, 537, 986, 582, 147, 32.84%, 0, 0, 2, 30.81, 100969, 1075, 0, 0
1869, 0, 537, 986, 582, 147, 32.84%, 0, 0, 2, 30.40, 101124, 1075, 0, 0
1874, 0, 537, 986, 582, 147, 32.84%, 0, 0, 2, 30.68, 101281, 1075, 0, 0
1879, 0, 537, 986, 582, 147, 32.84%, 0, 0, 2, 30.42, 101438, 1075, 0, 0
1884, 0, 537, 986, 582, 147, 32.84%, 0, 0, 2, 30.58, 101592, 1075, 0, 0
1889, 0, 537, 986, 582, 147, 32.84%, 0, 0, 2, 30.24, 101749, 1075, 0, 0
1894, 0, 537, 986, 582, 147, 32.84%, 0, 0, 2, 30.18, 101904, 1075, 0, 0
1899, 0, 537, 986, 582, 147, 32.84%, 0, 0, 2, 30.52, 102060, 1075, 0, 0
1905, 0, 537, 986, 582, 147, 32.84%, 0, 0, 2, 29.93, 102212, 1075, 0, 0
1910, 0, 537, 986, 582, 147, 32.84%, 0, 0, 2, 29.64, 102362, 1075, 0, 0
1915, 0, 537, 986, 582, 147, 32.84%, 0, 0, 2, 30.80, 102521, 1075, 0, 0
1920, 0, 537, 986, 582, 147, 32.84%, 0, 0, 2, 29.21, 102671, 1075, 0, 0
1925, 0, 537, 986, 582, 147, 32.84%, 0, 0, 2, 29.88, 102823, 1075, 0, 0
1930, 0, 537, 986, 582, 147, 32.84%, 0, 0, 2, 29.99, 102977, 1075, 0, 0
1935, 0, 537, 986, 582, 147, 32.84%, 0, 0, 2, 29.91, 103130, 1075, 0, 0
1940, 0, 537, 986, 582, 147, 32.84%, 0, 0, 2, 31.25, 103288, 1075, 0, 0
1945, 0, 537, 986, 582, 147, 32.84%, 0, 0, 2, 30.58, 103445, 1075, 0, 0
1950, 0, 537, 986, 582, 147, 32.84%, 0, 0, 2, 30.08, 103596, 1075, 0, 0
1956, 0, 537, 986, 582, 147, 32.84%, 0, 0, 2, 30.85, 103751, 1075, 0, 0
1961, 0, 537, 986, 582, 147, 32.84%, 0, 0, 2, 30.35, 103903, 1075, 0, 0
1966, 0, 537, 986, 582, 147, 32.84%, 0, 0, 2, 30.42, 104059, 1075, 0, 0
1971, 0, 537, 986, 582, 147, 32.84%, 0, 0, 2, 30.13, 104213, 1075, 0, 0
1976, 0, 537, 986, 582, 147, 32.84%, 0, 0, 2, 30.42, 104372, 1075, 0, 0
1981, 0, 537, 986, 582, 147, 32.84%, 0, 0, 2, 30.15, 104524, 1075, 0, 0
1986, 0, 537, 986, 582, 147, 32.84%, 0, 0, 2, 30.77, 104684, 1075, 0, 0
1991, 0, 537, 986, 582, 147, 32.84%, 0, 0, 2, 30.30, 104837, 1075, 0, 0
1996, 0, 537, 986, 582, 147, 32.84%, 0, 0, 2, 29.31, 104977, 1075, 0, 0
2002, 0, 537, 986, 582, 147, 32.84%, 0, 0, 2, 26.25, 105108, 1075, 0, 0
2007, 0, 537, 986, 582, 147, 32.84%, 0, 0, 2, 26.37, 105245, 1075, 0, 0
2012, 0, 537, 986, 582, 147, 32.84%, 0, 0, 2, 26.33, 105379, 1075, 0, 0
2017, 0, 537, 986, 582, 147, 32.84%, 0, 0, 2, 27.05, 105515, 1075, 0, 0
2022, 0, 537, 987, 583, 147, 32.84%, 0, 0, 2, 27.45, 105654, 1075, 0, 0
2027, 0, 537, 988, 584, 147, 32.84%, 0, 0, 2, 27.51, 105796, 1075, 0, 0
2032, 0, 537, 988, 584, 147, 32.84%, 0, 0, 2, 28.21, 105938, 1075, 0, 0
2037, 0, 537, 988, 584, 147, 32.84%, 0, 0, 2, 27.81, 106079, 1075, 0, 0
2042, 0, 537, 988, 584, 147, 32.84%, 0, 0, 2, 28.26, 106221, 1075, 0, 0
2047, 0, 537, 988, 584, 147, 32.84%, 0, 0, 2, 27.63, 106360, 1075, 0, 0
2052, 0, 537, 988, 584, 147, 32.84%, 0, 0, 2, 28.39, 106503, 1075, 0, 0
2057, 0, 537, 988, 584, 147, 32.84%, 0, 0, 2, 28.67, 106648, 1075, 0, 0
2062, 0, 537, 989, 585, 147, 32.84%, 0, 0, 2, 26.89, 106782, 1075, 0, 0
2068, 0, 537, 989, 585, 147, 32.84%, 0, 0, 2, 26.94, 106918, 1075, 0, 0
2073, 0, 537, 989, 585, 147, 32.84%, 0, 0, 2, 25.67, 107047, 1075, 0, 0
2078, 0, 537, 989, 585, 147, 32.84%, 0, 0, 2, 26.80, 107184, 1075, 0, 0
2083, 0, 537, 989, 585, 147, 32.84%, 0, 0, 2, 28.02, 107330, 1075, 0, 0
2088, 0, 537, 989, 585, 147, 32.84%, 0, 0, 2, 27.96, 107472, 1075, 0, 0
2093, 0, 537, 989, 585, 147, 32.84%, 0, 0, 2, 29.16, 107618, 1075, 0, 0
2098, 0, 537, 989, 585, 147, 32.84%, 0, 0, 2, 28.82, 107762, 1075, 0, 0
2103, 0, 537, 989, 585, 147, 32.84%, 0, 0, 2, 28.62, 107908, 1075, 0, 0
2108, 0, 537, 989, 585, 147, 32.84%, 0, 0, 2, 26.84, 108048, 1075, 0, 0
2114, 0, 537, 989, 585, 147, 32.84%, 0, 0, 2, 26.73, 108188, 1075, 0, 0
2119, 0, 537, 989, 585, 147, 32.84%, 0, 0, 2, 26.11, 108321, 1075, 0, 0
2124, 0, 537, 989, 585, 147, 32.84%, 0, 0, 2, 26.91, 108459, 1075, 0, 0
2129, 0, 537, 989, 585, 147, 32.84%, 0, 0, 2, 26.58, 108598, 1075, 0, 0
2134, 0, 537, 989, 585, 147, 32.84%, 0, 0, 2, 27.81, 108738, 1075, 0, 0
2139, 0, 537, 989, 585, 147, 32.84%, 0, 0, 2, 28.03, 108885, 1075, 0, 0
2144, 0, 537, 989, 585, 147, 32.84%, 0, 0, 2, 28.07, 109029, 1075, 0, 0
2149, 0, 537, 989, 585, 147, 32.84%, 0, 0, 2, 28.17, 109172, 1075, 0, 0
2155, 0, 537, 989, 585, 147, 32.84%, 0, 0, 2, 28.77, 109321, 1075, 0, 0
2160, 0, 537, 989, 585, 147, 32.84%, 0, 0, 2, 28.39, 109464, 1075, 0, 0
2165, 0, 537, 989, 585, 147, 32.84%, 0, 0, 2, 28.77, 109609, 1075, 0, 0
2170, 0, 537, 989, 585, 147, 32.84%, 0, 0, 2, 28.63, 109755, 1075, 0, 0
2175, 0, 537, 989, 585, 147, 32.84%, 0, 0, 2, 30.56, 109911, 1075, 0, 0
2180, 0, 537, 989, 585, 147, 32.84%, 0, 0, 2, 30.42, 110063, 1075, 0, 0
2185, 0, 537, 990, 586, 147, 32.88%, 0, 0, 2, 30.71, 110222, 1076, 0, 0
2190, 0, 537, 991, 587, 147, 32.88%, 0, 0, 2, 29.74, 110372, 1076, 0, 0
2195, 0, 537, 991, 587, 147, 32.88%, 0, 0, 2, 30.10, 110523, 1076, 0, 0
2200, 0, 537, 991, 587, 147, 32.88%, 0, 0, 2, 30.06, 110679, 1076, 0, 0
2205, 0, 537, 991, 587, 147, 32.88%, 0, 0, 2, 30.73, 110838, 1076, 0, 0
2211, 0, 537, 991, 587, 147, 32.88%, 0, 0, 2, 30.30, 110990, 1076, 0, 0
2216, 0, 537, 991, 587, 147, 32.88%, 0, 0, 2, 30.23, 111148, 1076, 0, 0
2221, 0, 537, 991, 587, 147, 32.88%, 0, 0, 2, 30.83, 111309, 1076, 0, 0
2226, 0, 537, 991, 587, 147, 32.88%, 0, 0, 2, 29.93, 111451, 1076, 0, 0
2231, 0, 537, 991, 587, 147, 32.88%, 0, 0, 2, 30.18, 111607, 1076, 0, 0
2236, 0, 537, 991, 587, 147, 32.88%, 0, 0, 2, 29.92, 111761, 1076, 0, 0
2241, 0, 537, 991, 587, 147, 32.88%, 0, 0, 2, 30.05, 111916, 1076, 0, 0
2247, 0, 537, 991, 587, 147, 32.88%, 0, 0, 2, 30.59, 112077, 1076, 0, 0
2252, 0, 537, 991, 587, 147, 32.88%, 0, 0, 2, 31.22, 112239, 1076, 0, 0
2257, 0, 537, 991, 587, 147, 32.88%, 0, 0, 2, 30.42, 112399, 1076, 0, 0
2262, 0, 537, 991, 587, 147, 32.88%, 0, 0, 2, 30.58, 112556, 1076, 0, 0
2265, 0, 538, 991, 587, 147, 32.88%, 0, 0, 2, 30.45, 112635, 1076, 0, 0
