# relative_time, cycles_done, cur_item, corpus_count, pending_total, pending_favs, map_size, saved_crashes, saved_hangs, max_depth, execs_per_sec, total_execs, edges_found, total_crashes, servers_count
62, 0, 2, 273, 208, 40, 26.96%, 0, 0, 2, 10.89, 3552, 958, 0, 0
68, 0, 2, 280, 215, 40, 27.16%, 0, 0, 2, 14.39, 3648, 965, 0, 0
73, 0, 2, 286, 221, 40, 27.24%, 0, 0, 2, 16.48, 3743, 968, 0, 0
78, 0, 2, 289, 224, 40, 27.58%, 0, 0, 2, 16.19, 3828, 980, 0, 0
83, 0, 2, 295, 230, 40, 27.64%, 0, 0, 2, 17.06, 3924, 982, 0, 0
89, 0, 2, 298, 233, 40, 27.64%, 0, 0, 2, 17.51, 4018, 982, 0, 0
94, 0, 2, 300, 235, 40, 27.67%, 0, 0, 2, 16.52, 4101, 983, 0, 0
100, 0, 2, 304, 239, 40, 27.75%, 0, 0, 2, 16.74, 4192, 986, 0, 0
105, 0, 2, 305, 240, 40, 27.75%, 0, 0, 2, 17.43, 4281, 986, 0, 0
110, 0, 2, 310, 245, 40, 27.78%, 0, 0, 2, 18.23, 4371, 987, 0, 0
115, 0, 2, 314, 249, 40, 27.86%, 0, 0, 2, 17.96, 4467, 990, 0, 0
120, 0, 2, 317, 252, 40, 27.86%, 0, 0, 2, 17.77, 4554, 990, 0, 0
125, 0, 2, 321, 256, 40, 27.95%, 0, 0, 2, 18.94, 4654, 993, 0, 0
130, 0, 2, 323, 258, 40, 27.98%, 0, 0, 2, 18.35, 4741, 994, 0, 0
135, 0, 2, 325, 260, 40, 27.98%, 0, 0, 2, 17.39, 4826, 994, 0, 0
140, 0, 2, 329, 264, 40, 28.03%, 0, 0, 2, 19.04, 4925, 996, 0, 0
145, 0, 2, 333, 268, 40, 28.03%, 0, 0, 2, 17.67, 5015, 996, 0, 0
151, 0, 2, 334, 269, 40, 28.03%, 0, 0, 2, 18.73, 5110, 996, 0, 0
156, 0, 2, 334, 269, 40, 28.03%, 0, 0, 2, 17.83, 5200, 996, 0, 0
161, 0, 2, 336, 271, 40, 28.03%, 0, 0, 2, 17.79, 5290, 996, 0, 0
166, 0, 2, 338, 273, 40, 28.03%, 0, 0, 2, 18.18, 5381, 996, 0, 0
171, 0, 2, 340, 275, 40, 28.03%, 0, 0, 2, 17.83, 5471, 996, 0, 0
176, 0, 2, 342, 277, 40, 28.03%, 0, 0, 2, 18.41, 5565, 996, 0, 0
181, 0, 2, 342, 277, 40, 28.03%, 0, 0, 2, 17.63, 5651, 996, 0, 0
187, 0, 2, 345, 280, 40, 28.03%, 0, 0, 2, 18.85, 5760, 996, 0, 0
192, 0, 2, 346, 281, 40, 28.03%, 0, 0, 2, 18.54, 5854, 996, 0, 0
197, 0, 2, 348, 283, 40, 28.03%, 0, 0, 2, 18.35, 5952, 996, 0, 0
202, 0, 2, 349, 284, 40, 28.06%, 0, 0, 2, 17.59, 6041, 997, 0, 0
208, 0, 2, 351, 286, 40, 28.06%, 0, 0, 2, 18.24, 6132, 997, 0, 0
213, 0, 2, 351, 286, 40, 28.06%, 0, 0, 2, 17.16, 6218, 997, 0, 0
218, 0, 2, 352, 287, 40, 28.06%, 0, 0, 2, 18.57, 6313, 997, 0, 0
223, 0, 2, 354, 289, 40, 28.06%, 0, 0, 2, 18.09, 6397, 997, 0, 0
228, 0, 2, 356, 291, 40, 28.12%, 0, 0, 2, 17.97, 6487, 999, 0, 0
233, 0, 2, 358, 293, 40, 28.12%, 0, 0, 2, 18.21, 6576, 999, 0, 0
238, 0, 2, 359, 294, 40, 28.12%, 0, 0, 2, 18.93, 6675, 999, 0, 0
243, 0, 2, 359, 294, 40, 28.12%, 0, 0, 2, 18.34, 6766, 999, 0, 0
248, 0, 2, 360, 295, 40, 28.12%, 0, 0, 2, 18.86, 6865, 999, 0, 0
254, 0, 2, 362, 297, 40, 28.12%, 0, 0, 2, 18.98, 6966, 999, 0, 0
259, 0, 2, 364, 299, 40, 28.12%, 0, 0, 2, 16.81, 7046, 999, 0, 0
264, 0, 2, 365, 300, 40, 28.12%, 0, 0, 2, 18.32, 7141, 999, 0, 0
269, 0, 2, 366, 301, 40, 28.12%, 0, 0, 2, 17.66, 7226, 999, 0, 0
274, 0, 2, 367, 302, 40, 28.15%, 0, 0, 2, 17.77, 7321, 1000, 0, 0
280, 0, 2, 369, 304, 40, 28.17%, 0, 0, 2, 16.75, 7419, 1001, 0, 0
286, 0, 2, 370, 305, 40, 28.17%, 0, 0, 2, 17.33, 7519, 1001, 0, 0
291, 0, 2, 370, 305, 40, 28.17%, 0, 0, 2, 18.18, 7610, 1001, 0, 0
296, 0, 2, 371, 306, 40, 28.17%, 0, 0, 2, 17.18, 7698, 1001, 0, 0
301, 0, 2, 371, 306, 40, 28.17%, 0, 0, 2, 16.80, 7787, 1001, 0, 0
306, 0, 2, 372, 307, 40, 28.17%, 0, 0, 2, 17.05, 7871, 1001, 0, 0
312, 0, 2, 372, 307, 40, 28.17%, 0, 0, 2, 18.24, 7967, 1001, 0, 0
317, 0, 2, 373, 308, 40, 28.23%, 0, 0, 2, 18.82, 8061, 1003, 0, 0
322, 0, 2, 373, 308, 40, 28.23%, 0, 0, 2, 17.76, 8153, 1003, 0, 0
327, 0, 2, 373, 308, 40, 28.23%, 0, 0, 2, 17.14, 8239, 1003, 0, 0
332, 0, 2, 373, 308, 40, 28.23%, 0, 0, 2, 17.58, 8329, 1003, 0, 0
337, 0, 2, 373, 308, 40, 28.23%, 0, 0, 2, 16.91, 8416, 1003, 0, 0
343, 0, 2, 373, 308, 40, 28.23%, 0, 0, 2, 18.13, 8514, 1003, 0, 0
348, 0, 2, 374, 309, 40, 28.23%, 0, 0, 2, 18.94, 8614, 1003, 0, 0
353, 0, 2, 375, 310, 40, 28.23%, 0, 0, 2, 18.71, 8713, 1003, 0, 0
358, 0, 2, 375, 310, 40, 28.23%, 0, 0, 2, 17.87, 8802, 1003, 0, 0
364, 0, 2, 377, 312, 40, 28.23%, 0, 0, 2, 17.98, 8893, 1003, 0, 0
369, 0, 2, 377, 312, 40, 28.23%, 0, 0, 2, 17.85, 8982, 1003, 0, 0
374, 0, 2, 378, 313, 40, 28.23%, 0, 0, 2, 17.17, 9065, 1003, 0, 0
379, 0, 2, 378, 313, 40, 28.23%, 0, 0, 2, 18.55, 9162, 1003, 0, 0
384, 0, 2, 379, 314, 40, 28.23%, 0, 0, 2, 18.41, 9257, 1003, 0, 0
389, 0, 2, 381, 316, 40, 28.23%, 0, 0, 2, 18.65, 9361, 1003, 0, 0
395, 0, 2, 381, 316, 40, 28.23%, 0, 0, 2, 17.15, 9446, 1003, 0, 0
400, 0, 2, 383, 318, 40, 28.23%, 0, 0, 2, 18.34, 9541, 1003, 0, 0
405, 0, 2, 383, 318, 40, 28.23%, 0, 0, 2, 17.18, 9624, 1003, 0, 0
410, 0, 2, 383, 318, 40, 28.23%, 0, 0, 2, 17.48, 9715, 1003, 0, 0
415, 0, 2, 383, 318, 40, 28.23%, 0, 0, 2, 17.82, 9805, 1003, 0, 0
420, 0, 2, 384, 319, 40, 28.23%, 0, 0, 2, 18.29, 9900, 1003, 0, 0
425, 0, 2, 385, 320, 40, 28.23%, 0, 0, 2, 18.64, 9996, 1003, 0, 0
431, 0, 2, 387, 322, 40, 28.31%, 0, 0, 2, 18.85, 10095, 1006, 0, 0
436, 0, 2, 389, 324, 40, 28.34%, 0, 0, 2, 17.44, 10184, 1007, 0, 0
441, 0, 2, 390, 325, 40, 28.34%, 0, 0, 2, 17.68, 10273, 1007, 0, 0
446, 0, 2, 392, 327, 40, 28.34%, 0, 0, 2, 17.24, 10357, 1007, 0, 0
451, 0, 2, 394, 329, 40, 28.34%, 0, 0, 2, 16.67, 10444, 1007, 0, 0
456, 0, 2, 396, 331, 40, 28.43%, 0, 0, 2, 17.31, 10532, 1010, 0, 0
461, 0, 2, 397, 332, 40, 28.43%, 0, 0, 2, 17.54, 10623, 1010, 0, 0
466, 0, 2, 398, 333, 40, 28.43%, 0, 0, 2, 18.42, 10714, 1010, 0, 0
471, 0, 2, 398, 333, 40, 28.43%, 0, 0, 2, 19.27, 10813, 1010, 0, 0
477, 0, 2, 398, 333, 40, 28.43%, 0, 0, 2, 18.14, 10905, 1010, 0, 0
482, 0, 2, 399, 334, 40, 28.43%, 0, 0, 2, 18.07, 11003, 1010, 0, 0
487, 0, 2, 399, 334, 40, 28.43%, 0, 0, 2, 19.30, 11102, 1010, 0, 0
492, 0, 2, 400, 335, 40, 28.43%, 0, 0, 2, 17.54, 11187, 1010, 0, 0
497, 0, 2, 401, 336, 40, 28.43%, 0, 0, 2, 18.97, 11285, 1010, 0, 0
502, 0, 2, 401, 336, 40, 28.43%, 0, 0, 2, 17.66, 11373, 1010, 0, 0
507, 0, 2, 401, 336, 40, 28.43%, 0, 0, 2, 18.73, 11469, 1010, 0, 0
512, 0, 2, 403, 338, 40, 28.45%, 0, 0, 2, 18.19, 11565, 1011, 0, 0
517, 0, 2, 403, 338, 40, 28.45%, 0, 0, 2, 17.61, 11655, 1011, 0, 0
523, 0, 2, 403, 338, 40, 28.45%, 0, 0, 2, 16.45, 11735, 1011, 0, 0
528, 0, 2, 404, 339, 40, 28.45%, 0, 0, 2, 18.23, 11827, 1011, 0, 0
532, 0, 2, 405, 340, 40, 28.54%, 0, 0, 2, 0.00, 11914, 1014, 0, 0
