# relative_time, cycles_done, cur_item, corpus_count, pending_total, pending_favs, map_size, saved_crashes, saved_hangs, max_depth, execs_per_sec, total_execs, edges_found, total_crashes, servers_count
62, 0, 0, 348, 336, 93, 25.94%, 0, 0, 2, 45.93, 5588, 955, 0, 0
67, 0, 0, 351, 339, 93, 25.94%, 0, 0, 2, 49.17, 5843, 955, 0, 0
72, 0, 0, 357, 345, 93, 26.00%, 0, 0, 2, 49.42, 6091, 957, 0, 0
77, 0, 0, 360, 348, 93, 26.05%, 0, 0, 2, 50.31, 6348, 959, 0, 0
82, 0, 0, 364, 352, 93, 26.19%, 0, 0, 2, 48.67, 6574, 964, 0, 0
87, 0, 1, 368, 355, 118, 26.27%, 0, 0, 2, 47.17, 6812, 967, 0, 0
93, 0, 1, 368, 355, 118, 26.27%, 0, 0, 2, 46.26, 7052, 967, 0, 0
98, 0, 1, 368, 355, 118, 26.27%, 0, 0, 2, 71.13, 7402, 967, 0, 0
103, 0, 1, 375, 362, 118, 26.35%, 0, 0, 2, 56.24, 7690, 970, 0, 0
109, 0, 1, 385, 372, 118, 26.41%, 0, 0, 2, 51.44, 7936, 972, 0, 0
114, 0, 1, 391, 378, 118, 26.43%, 0, 0, 2, 48.12, 8162, 973, 0, 0
119, 0, 1, 397, 384, 118, 26.46%, 0, 0, 2, 46.29, 8404, 974, 0, 0
124, 0, 1, 404, 391, 118, 26.49%, 0, 0, 2, 46.73, 8627, 975, 0, 0
129, 0, 1, 408, 395, 118, 26.51%, 0, 0, 2, 47.96, 8856, 976, 0, 0
134, 0, 1, 415, 402, 118, 26.54%, 0, 0, 2, 50.36, 9098, 977, 0, 0
140, 0, 1, 419, 406, 118, 26.60%, 0, 0, 2, 45.87, 9301, 979, 0, 0
145, 0, 1, 422, 409, 118, 26.70%, 0, 0, 2, 47.14, 9527, 983, 0, 0
150, 0, 1, 425, 412, 118, 26.70%, 0, 0, 2, 47.85, 9756, 983, 0, 0
155, 0, 1, 429, 416, 118, 26.73%, 0, 0, 2, 48.35, 9992, 984, 0, 0
160, 0, 1, 432, 419, 118, 26.73%, 0, 0, 2, 47.69, 10214, 984, 0, 0
165, 0, 1, 433, 420, 118, 26.73%, 0, 0, 2, 49.44, 10467, 984, 0, 0
170, 0, 1, 439, 426, 118, 26.79%, 0, 0, 2, 47.88, 10696, 986, 0, 0
175, 0, 1, 444, 431, 118, 26.79%, 0, 0, 2, 46.97, 10924, 986, 0, 0
180, 0, 1, 447, 434, 118, 26.84%, 0, 0, 2, 48.89, 11172, 988, 0, 0
185, 0, 1, 451, 438, 118, 26.84%, 0, 0, 2, 49.81, 11427, 988, 0, 0
191, 0, 1, 455, 442, 118, 26.92%, 0, 0, 2, 45.81, 11645, 991, 0, 0
196, 0, 1, 458, 445, 118, 26.92%, 0, 0, 2, 47.86, 11874, 991, 0, 0
201, 0, 1, 463, 450, 118, 26.95%, 0, 0, 2, 49.65, 12135, 992, 0, 0
206, 0, 1, 467, 454, 118, 27.03%, 0, 0, 2, 46.35, 12361, 995, 0, 0
211, 0, 1, 471, 458, 118, 27.03%, 0, 0, 2, 48.29, 12604, 995, 0, 0
216, 0, 1, 474, 461, 118, 27.03%, 0, 0, 2, 47.23, 12835, 995, 0, 0
221, 0, 1, 476, 463, 118, 27.03%, 0, 0, 2, 49.43, 13086, 995, 0, 0
226, 0, 1, 477, 464, 118, 27.03%, 0, 0, 2, 49.13, 13334, 995, 0, 0
232, 0, 1, 480, 467, 118, 27.11%, 0, 0, 2, 49.50, 13578, 998, 0, 0
237, 0, 1, 482, 469, 118, 27.11%, 0, 0, 2, 47.86, 13825, 998, 0, 0
242, 0, 1, 488, 475, 118, 27.11%, 0, 0, 2, 47.51, 14081, 998, 0, 0
247, 0, 1, 491, 478, 118, 27.11%, 0, 0, 2, 45.99, 14284, 998, 0, 0
253, 0, 1, 493, 480, 118, 27.11%, 0, 0, 2, 47.10, 14523, 998, 0, 0
258, 0, 1, 494, 481, 118, 27.14%, 0, 0, 2, 49.35, 14782, 999, 0, 0
263, 0, 1, 497, 484, 118, 27.14%, 0, 0, 2, 48.97, 15030, 999, 0, 0
268, 0, 1, 501, 488, 118, 27.17%, 0, 0, 2, 48.66, 15272, 1000, 0, 0
273, 0, 1, 506, 493, 118, 27.17%, 0, 0, 2, 45.42, 15477, 1000, 0, 0
278, 0, 1, 506, 493, 118, 27.17%, 0, 0, 2, 48.24, 15728, 1000, 0, 0
283, 0, 1, 510, 497, 118, 27.17%, 0, 0, 2, 49.84, 15985, 1000, 0, 0
288, 0, 1, 514, 501, 118, 27.28%, 0, 0, 2, 45.55, 16199, 1004, 0, 0
293, 0, 1, 517, 504, 118, 27.28%, 0, 0, 2, 45.57, 16420, 1004, 0, 0
299, 0, 1, 519, 506, 118, 27.33%, 0, 0, 2, 49.16, 16681, 1006, 0, 0
304, 0, 1, 522, 509, 118, 27.38%, 0, 0, 2, 46.41, 16920, 1008, 0, 0
309, 0, 1, 525, 512, 118, 27.44%, 0, 0, 2, 46.17, 17152, 1010, 0, 0
314, 0, 1, 527, 514, 118, 27.44%, 0, 0, 2, 47.20, 17372, 1010, 0, 0
319, 0, 1, 527, 514, 118, 27.44%, 0, 0, 2, 49.13, 17623, 1010, 0, 0
324, 0, 1, 528, 515, 118, 27.44%, 0, 0, 2, 48.55, 17865, 1010, 0, 0
330, 0, 1, 529, 516, 118, 27.44%, 0, 0, 2, 47.62, 18100, 1010, 0, 0
335, 0, 1, 529, 516, 118, 27.44%, 0, 0, 2, 48.32, 18352, 1010, 0, 0
340, 0, 1, 530, 517, 118, 27.44%, 0, 0, 2, 48.54, 18594, 1010, 0, 0
345, 0, 1, 531, 518, 118, 27.44%, 0, 0, 2, 47.20, 18825, 1010, 0, 0
350, 0, 1, 532, 519, 118, 27.44%, 0, 0, 2, 48.34, 19073, 1010, 0, 0
355, 0, 1, 532, 519, 118, 27.44%, 0, 0, 2, 48.25, 19323, 1010, 0, 0
360, 0, 170, 533, 517, 139, 27.44%, 0, 0, 2, 47.81, 19549, 1010, 0, 0
365, 0, 66, 539, 519, 135, 27.47%, 0, 0, 3, 50.62, 19810, 1011, 0, 0
370, 0, 66, 547, 527, 135, 27.49%, 0, 0, 3, 44.12, 19998, 1012, 0, 0
375, 0, 66, 549, 529, 135, 27.52%, 0, 0, 3, 44.77, 20229, 1013, 0, 0
381, 0, 66, 553, 533, 135, 27.52%, 0, 0, 3, 43.14, 20419, 1013, 0, 0
386, 0, 66, 554, 534, 135, 27.52%, 0, 0, 3, 47.04, 20657, 1013, 0, 0
391, 0, 66, 557, 537, 135, 27.52%, 0, 0, 3, 45.87, 20879, 1013, 0, 0
397, 0, 66, 559, 539, 135, 27.52%, 0, 0, 3, 42.12, 21105, 1013, 0, 0
402, 0, 66, 562, 542, 135, 27.57%, 0, 0, 3, 44.73, 21334, 1015, 0, 0
407, 0, 66, 565, 545, 135, 27.60%, 0, 0, 3, 48.37, 21570, 1016, 0, 0
413, 0, 66, 569, 549, 135, 27.60%, 0, 0, 3, 48.74, 21810, 1016, 0, 0
418, 0, 66, 572, 552, 135, 27.66%, 0, 0, 3, 45.73, 22032, 1018, 0, 0
423, 0, 66, 573, 553, 135, 27.68%, 0, 0, 3, 47.41, 22263, 1019, 0, 0
428, 0, 66, 577, 557, 135, 27.68%, 0, 0, 3, 40.88, 22415, 1019, 0, 0
433, 0, 66, 577, 557, 135, 27.68%, 0, 0, 3, 47.50, 22668, 1019, 0, 0
439, 0, 483, 578, 555, 137, 27.71%, 0, 0, 3, 48.67, 22921, 1020, 0, 0
444, 0, 572, 580, 553, 133, 27.71%, 0, 0, 3, 45.24, 23138, 1020, 0, 0
449, 0, 572, 585, 558, 133, 27.82%, 0, 0, 3, 31.80, 23261, 1024, 0, 0
454, 0, 572, 589, 562, 133, 27.82%, 0, 0, 3, 26.33, 23383, 1024, 0, 0
460, 0, 572, 589, 562, 133, 27.82%, 0, 0, 3, 23.90, 23504, 1024, 0, 0
465, 0, 572, 589, 562, 133, 27.82%, 0, 0, 3, 24.19, 23633, 1024, 0, 0
470, 0, 572, 590, 563, 133, 27.82%, 0, 0, 3, 23.51, 23750, 1024, 0, 0
475, 0, 572, 590, 563, 133, 27.82%, 0, 0, 3, 22.86, 23865, 1024, 0, 0
480, 0, 572, 591, 564, 133, 27.82%, 0, 0, 3, 22.65, 23984, 1024, 0, 0
485, 0, 572, 594, 567, 133, 27.87%, 0, 0, 3, 23.45, 24109, 1026, 0, 0
490, 0, 572, 595, 568, 133, 27.87%, 0, 0, 3, 23.20, 24225, 1026, 0, 0
495, 0, 572, 595, 568, 133, 27.87%, 0, 0, 3, 23.32, 24346, 1026, 0, 0
500, 0, 572, 595, 568, 133, 27.87%, 0, 0, 3, 23.22, 24466, 1026, 0, 0
506, 0, 572, 595, 568, 133, 27.87%, 0, 0, 3, 23.03, 24585, 1026, 0, 0
511, 0, 572, 595, 568, 133, 27.87%, 0, 0, 3, 26.80, 24730, 1026, 0, 0
516, 0, 572, 595, 568, 133, 27.87%, 0, 0, 3, 24.65, 24853, 1026, 0, 0
521, 0, 572, 596, 569, 133, 27.90%, 0, 0, 3, 27.57, 25014, 1027, 0, 0
526, 0, 572, 596, 569, 133, 27.90%, 0, 0, 3, 24.25, 25134, 1027, 0, 0
531, 0, 572, 597, 570, 133, 27.90%, 0, 0, 3, 24.26, 25259, 1027, 0, 0
537, 0, 572, 598, 571, 133, 27.93%, 0, 0, 3, 23.07, 25377, 1028, 0, 0
542, 0, 572, 601, 574, 133, 27.95%, 0, 0, 3, 23.51, 25497, 1029, 0, 0
547, 0, 572, 601, 574, 133, 27.95%, 0, 0, 3, 23.43, 25619, 1029, 0, 0
552, 0, 572, 602, 575, 133, 27.95%, 0, 0, 3, 23.56, 25738, 1029, 0, 0
557, 0, 572, 602, 575, 133, 27.95%, 0, 0, 3, 24.04, 25863, 1029, 0, 0
562, 0, 572, 603, 576, 133, 27.95%, 0, 0, 3, 23.36, 25981, 1029, 0, 0
567, 0, 572, 603, 576, 133, 27.95%, 0, 0, 3, 23.19, 26101, 1029, 0, 0
572, 0, 572, 603, 576, 133, 27.95%, 0, 0, 3, 23.07, 26216, 1029, 0, 0
577, 0, 572, 603, 576, 133, 27.95%, 0, 0, 3, 20.60, 26319, 1029, 0, 0
582, 0, 572, 603, 576, 133, 27.95%, 0, 0, 3, 19.08, 26415, 1029, 0, 0
588, 0, 572, 603, 576, 133, 27.95%, 0, 0, 3, 18.92, 26512, 1029, 0, 0
593, 0, 572, 603, 576, 133, 27.95%, 0, 0, 3, 18.79, 26609, 1029, 0, 0
598, 0, 572, 603, 576, 133, 27.95%, 0, 0, 3, 25.65, 26737, 1029, 0, 0
603, 0, 572, 603, 576, 133, 27.95%, 0, 0, 3, 30.09, 26897, 1029, 0, 0
608, 0, 572, 603, 576, 133, 27.95%, 0, 0, 3, 30.78, 27053, 1029, 0, 0
613, 0, 572, 603, 576, 133, 27.95%, 0, 0, 3, 30.98, 27214, 1029, 0, 0
618, 0, 572, 603, 576, 133, 27.95%, 0, 0, 3, 30.53, 27371, 1029, 0, 0
623, 0, 572, 603, 576, 133, 27.95%, 0, 0, 3, 31.11, 27531, 1029, 0, 0
628, 0, 572, 603, 576, 133, 27.95%, 0, 0, 3, 31.04, 27688, 1029, 0, 0
634, 0, 572, 603, 576, 133, 27.95%, 0, 0, 3, 40.36, 27906, 1029, 0, 0
639, 0, 572, 603, 576, 133, 27.95%, 0, 0, 3, 37.15, 28108, 1029, 0, 0
644, 0, 572, 607, 580, 133, 27.95%, 0, 0, 3, 29.68, 28236, 1029, 0, 0
649, 0, 572, 610, 583, 133, 27.95%, 0, 0, 3, 28.96, 28366, 1029, 0, 0
654, 0, 572, 612, 585, 133, 27.95%, 0, 0, 3, 26.69, 28485, 1029, 0, 0
660, 0, 572, 618, 591, 133, 27.95%, 0, 0, 3, 25.13, 28596, 1029, 0, 0
665, 0, 572, 623, 596, 133, 27.95%, 0, 0, 3, 28.60, 28737, 1029, 0, 0
670, 0, 572, 623, 596, 133, 27.95%, 0, 0, 3, 28.93, 28886, 1029, 0, 0
675, 0, 572, 624, 597, 133, 27.95%, 0, 0, 3, 28.57, 29022, 1029, 0, 0
680, 0, 572, 627, 600, 133, 27.95%, 0, 0, 3, 28.15, 29148, 1029, 0, 0
686, 0, 572, 630, 603, 133, 27.98%, 0, 0, 3, 27.71, 29284, 1030, 0, 0
691, 0, 572, 632, 605, 133, 27.98%, 0, 0, 3, 28.04, 29417, 1030, 0, 0
696, 0, 572, 633, 606, 133, 27.98%, 0, 0, 3, 30.17, 29568, 1030, 0, 0
701, 0, 572, 635, 608, 133, 27.98%, 0, 0, 3, 29.00, 29699, 1030, 0, 0
706, 0, 572, 637, 610, 133, 27.98%, 0, 0, 3, 31.64, 29850, 1030, 0, 0
712, 0, 572, 639, 612, 133, 28.01%, 0, 0, 3, 30.47, 29991, 1031, 0, 0
717, 0, 572, 640, 613, 133, 28.01%, 0, 0, 3, 30.55, 30133, 1031, 0, 0
722, 0, 572, 642, 615, 133, 28.01%, 0, 0, 3, 31.16, 30274, 1031, 0, 0
727, 0, 572, 643, 616, 133, 28.01%, 0, 0, 3, 30.01, 30418, 1031, 0, 0
732, 0, 572, 645, 618, 133, 28.01%, 0, 0, 3, 28.37, 30561, 1031, 0, 0
737, 0, 572, 645, 618, 133, 28.01%, 0, 0, 3, 31.16, 30731, 1031, 0, 0
742, 0, 572, 647, 620, 133, 28.01%, 0, 0, 3, 29.99, 30872, 1031, 0, 0
747, 0, 572, 649, 622, 133, 28.01%, 0, 0, 3, 29.64, 30999, 1031, 0, 0
753, 0, 572, 651, 624, 133, 28.01%, 0, 0, 3, 29.90, 31149, 1031, 0, 0
758, 0, 572, 653, 626, 133, 28.01%, 0, 0, 3, 30.15, 31294, 1031, 0, 0
763, 0, 572, 655, 628, 133, 28.01%, 0, 0, 3, 28.80, 31418, 1031, 0, 0
768, 0, 572, 656, 629, 133, 28.01%, 0, 0, 3, 29.91, 31567, 1031, 0, 0
773, 0, 572, 656, 629, 133, 28.01%, 0, 0, 3, 30.72, 31724, 1031, 0, 0
778, 0, 572, 658, 631, 133, 28.01%, 0, 0, 3, 28.59, 31853, 1031, 0, 0
783, 0, 572, 659, 632, 133, 28.01%, 0, 0, 3, 28.90, 31985, 1031, 0, 0
788, 0, 572, 660, 633, 133, 28.01%, 0, 0, 3, 29.27, 32122, 1031, 0, 0
793, 0, 572, 661, 634, 133, 28.01%, 0, 0, 3, 30.53, 32279, 1031, 0, 0
798, 0, 572, 662, 635, 133, 28.01%, 0, 0, 3, 31.22, 32424, 1031, 0, 0
804, 0, 572, 662, 635, 133, 28.01%, 0, 0, 3, 31.26, 32586, 1031, 0, 0
809, 0, 572, 663, 636, 133, 28.01%, 0, 0, 3, 30.60, 32732, 1031, 0, 0
814, 0, 572, 664, 637, 133, 28.01%, 0, 0, 3, 29.23, 32867, 1031, 0, 0
819, 0, 572, 664, 637, 133, 28.01%, 0, 0, 3, 28.74, 33018, 1031, 0, 0
824, 0, 572, 664, 637, 133, 28.01%, 0, 0, 3, 30.46, 33174, 1031, 0, 0
829, 0, 572, 665, 638, 133, 28.01%, 0, 0, 3, 31.37, 33326, 1031, 0, 0
834, 0, 572, 666, 639, 133, 28.01%, 0, 0, 3, 32.01, 33475, 1031, 0, 0
839, 0, 572, 666, 639, 133, 28.01%, 0, 0, 3, 31.08, 33629, 1031, 0, 0
845, 0, 572, 667, 640, 133, 28.01%, 0, 0, 3, 30.19, 33774, 1031, 0, 0
850, 0, 572, 669, 642, 133, 28.01%, 0, 0, 3, 28.34, 33922, 1031, 0, 0
856, 0, 572, 670, 643, 133, 28.01%, 0, 0, 3, 30.87, 34086, 1031, 0, 0
861, 0, 572, 671, 644, 133, 28.01%, 0, 0, 3, 30.23, 34231, 1031, 0, 0
866, 0, 572, 671, 644, 133, 28.01%, 0, 0, 3, 28.46, 34371, 1031, 0, 0
871, 0, 572, 673, 646, 133, 28.01%, 0, 0, 3, 28.05, 34507, 1031, 0, 0
876, 0, 572, 673, 646, 133, 28.01%, 0, 0, 3, 29.91, 34665, 1031, 0, 0
881, 0, 572, 674, 647, 133, 28.01%, 0, 0, 3, 28.93, 34807, 1031, 0, 0
886, 0, 572, 674, 647, 133, 28.01%, 0, 0, 3, 28.25, 34950, 1031, 0, 0
892, 0, 572, 674, 647, 133, 28.01%, 0, 0, 3, 28.88, 35099, 1031, 0, 0
897, 0, 572, 675, 648, 133, 28.01%, 0, 0, 3, 29.46, 35255, 1031, 0, 0
902, 0, 572, 675, 648, 133, 28.01%, 0, 0, 3, 29.47, 35404, 1031, 0, 0
907, 0, 572, 675, 648, 133, 28.01%, 0, 0, 3, 31.82, 35563, 1031, 0, 0
912, 0, 572, 676, 649, 133, 28.01%, 0, 0, 3, 28.18, 35695, 1031, 0, 0
917, 0, 572, 677, 650, 133, 28.01%, 0, 0, 3, 31.16, 35860, 1031, 0, 0
922, 0, 572, 677, 650, 133, 28.01%, 0, 0, 3, 29.85, 36009, 1031, 0, 0
927, 0, 572, 678, 651, 133, 28.01%, 0, 0, 3, 29.82, 36167, 1031, 0, 0
933, 0, 572, 679, 652, 133, 28.01%, 0, 0, 3, 29.97, 36318, 1031, 0, 0
938, 0, 572, 680, 653, 133, 28.01%, 0, 0, 3, 32.51, 36485, 1031, 0, 0
943, 0, 572, 681, 654, 133, 28.01%, 0, 0, 3, 30.15, 36632, 1031, 0, 0
948, 0, 597, 682, 650, 135, 28.04%, 0, 0, 3, 38.12, 36873, 1032, 0, 0
953, 0, 424, 684, 650, 133, 28.04%, 0, 0, 3, 32.72, 37024, 1032, 0, 0
958, 0, 424, 686, 652, 133, 28.04%, 0, 0, 3, 32.21, 37187, 1032, 0, 0
963, 0, 424, 688, 654, 133, 28.06%, 0, 0, 3, 31.77, 37336, 1033, 0, 0
968, 0, 424, 690, 656, 133, 28.06%, 0, 0, 3, 29.71, 37474, 1033, 0, 0
974, 0, 424, 693, 659, 133, 28.09%, 0, 0, 3, 32.02, 37637, 1034, 0, 0
979, 0, 424, 694, 660, 133, 28.09%, 0, 0, 3, 32.07, 37795, 1034, 0, 0
984, 0, 424, 695, 661, 133, 28.09%, 0, 0, 3, 33.42, 37968, 1034, 0, 0
989, 0, 424, 697, 663, 133, 28.09%, 0, 0, 3, 32.32, 38125, 1034, 0, 0
994, 0, 424, 700, 666, 133, 28.09%, 0, 0, 3, 32.64, 38274, 1034, 0, 0
1000, 0, 424, 704, 670, 133, 28.12%, 0, 0, 3, 30.99, 38422, 1035, 0, 0
1005, 0, 424, 705, 671, 133, 28.12%, 0, 0, 3, 31.98, 38585, 1035, 0, 0
1010, 0, 275, 705, 667, 132, 28.12%, 0, 0, 3, 41.39, 38805, 1035, 0, 0
1016, 0, 577, 705, 662, 127, 28.12%, 0, 0, 3, 43.43, 39044, 1035, 0, 0
1021, 0, 691, 705, 656, 121, 28.12%, 0, 0, 3, 43.36, 39248, 1035, 0, 0
1026, 0, 643, 708, 657, 119, 28.12%, 0, 0, 4, 34.63, 39362, 1035, 0, 0
1031, 0, 700, 709, 657, 119, 28.12%, 0, 0, 4, 27.59, 39461, 1035, 0, 0
1036, 0, 108, 710, 656, 117, 28.12%, 0, 0, 4, 29.17, 39620, 1035, 0, 0
1041, 0, 108, 713, 659, 117, 28.12%, 0, 0, 4, 24.99, 39738, 1035, 0, 0
1046, 0, 108, 713, 659, 117, 28.12%, 0, 0, 4, 23.11, 39853, 1035, 0, 0
1051, 0, 108, 713, 659, 117, 28.12%, 0, 0, 4, 23.04, 39968, 1035, 0, 0
1057, 0, 108, 713, 659, 117, 28.12%, 0, 0, 4, 23.09, 40088, 1035, 0, 0
1062, 0, 108, 713, 659, 117, 28.12%, 0, 0, 4, 23.13, 40208, 1035, 0, 0
1067, 0, 108, 713, 659, 117, 28.12%, 0, 0, 4, 22.88, 40323, 1035, 0, 0
1072, 0, 108, 713, 659, 117, 28.12%, 0, 0, 4, 38.33, 40533, 1035, 0, 0
1077, 0, 108, 713, 659, 117, 28.12%, 0, 0, 4, 42.59, 40756, 1035, 0, 0
1082, 0, 108, 713, 659, 117, 28.12%, 0, 0, 4, 44.27, 40984, 1035, 0, 0
1087, 0, 20, 713, 658, 117, 28.12%, 0, 0, 4, 34.38, 41156, 1035, 0, 0
1093, 0, 31, 713, 653, 112, 28.12%, 0, 0, 4, 40.61, 41442, 1035, 0, 0
1099, 0, 28, 716, 652, 109, 28.23%, 0, 0, 4, 44.46, 41693, 1039, 0, 0
1104, 0, 419, 718, 649, 106, 28.31%, 0, 0, 4, 43.28, 41900, 1042, 0, 0
1109, 0, 406, 718, 645, 103, 28.31%, 0, 0, 4, 42.76, 42098, 1042, 0, 0
1114, 0, 513, 719, 643, 100, 28.31%, 0, 0, 4, 31.81, 42249, 1042, 0, 0
1120, 0, 270, 720, 639, 97, 28.39%, 0, 0, 4, 37.90, 42455, 1045, 0, 0
1125, 0, 61, 720, 635, 93, 28.39%, 0, 0, 4, 44.50, 42706, 1045, 0, 0
1130, 0, 115, 721, 629, 86, 28.39%, 0, 0, 4, 43.65, 42933, 1045, 0, 0
1136, 0, 176, 721, 625, 83, 28.39%, 0, 0, 4, 44.75, 43182, 1045, 0, 0
1142, 0, 365, 722, 620, 77, 28.39%, 0, 0, 4, 44.79, 43442, 1045, 0, 0
1147, 0, 130, 722, 616, 73, 28.39%, 0, 0, 4, 42.44, 43640, 1045, 0, 0
1152, 0, 104, 723, 615, 71, 28.42%, 0, 0, 4, 39.02, 43848, 1046, 0, 0
1157, 0, 104, 723, 615, 71, 28.42%, 0, 0, 4, 36.03, 44026, 1046, 0, 0
1162, 0, 104, 723, 615, 71, 28.42%, 0, 0, 4, 35.57, 44204, 1046, 0, 0
1167, 0, 104, 723, 615, 71, 28.42%, 0, 0, 4, 29.98, 44359, 1046, 0, 0
1173, 0, 104, 723, 615, 71, 28.42%, 0, 0, 4, 28.48, 44505, 1046, 0, 0
1178, 0, 104, 723, 615, 71, 28.42%, 0, 0, 4, 27.35, 44646, 1046, 0, 0
1183, 0, 104, 725, 617, 71, 28.42%, 0, 0, 4, 32.04, 44818, 1046, 0, 0
1188, 0, 104, 727, 619, 71, 28.42%, 0, 0, 4, 33.85, 44992, 1046, 0, 0
1193, 0, 104, 728, 620, 71, 28.42%, 0, 0, 4, 33.51, 45154, 1046, 0, 0
1198, 0, 104, 731, 623, 71, 28.42%, 0, 0, 4, 32.71, 45317, 1046, 0, 0
1203, 0, 104, 734, 626, 71, 28.42%, 0, 0, 4, 34.62, 45496, 1046, 0, 0
1208, 0, 104, 734, 626, 71, 28.42%, 0, 0, 4, 34.92, 45675, 1046, 0, 0
1213, 0, 104, 735, 627, 71, 28.42%, 0, 0, 4, 35.00, 45853, 1046, 0, 0
1218, 0, 104, 735, 627, 71, 28.42%, 0, 0, 4, 34.80, 46024, 1046, 0, 0
1223, 0, 104, 735, 627, 71, 28.42%, 0, 0, 4, 33.76, 46194, 1046, 0, 0
1229, 0, 104, 736, 628, 71, 28.42%, 0, 0, 4, 35.35, 46367, 1046, 0, 0
1234, 0, 104, 736, 628, 71, 28.42%, 0, 0, 4, 34.35, 46538, 1046, 0, 0
1239, 0, 104, 738, 630, 71, 28.42%, 0, 0, 4, 34.66, 46725, 1046, 0, 0
1244, 0, 104, 738, 630, 71, 28.42%, 0, 0, 4, 33.72, 46900, 1046, 0, 0
1249, 0, 104, 738, 630, 71, 28.42%, 0, 0, 4, 35.35, 47081, 1046, 0, 0
1254, 0, 104, 739, 631, 71, 28.42%, 0, 0, 4, 34.87, 47257, 1046, 0, 0
1259, 0, 104, 739, 631, 71, 28.42%, 0, 0, 4, 34.54, 47435, 1046, 0, 0
1265, 0, 104, 741, 633, 71, 28.42%, 0, 0, 4, 33.08, 47604, 1046, 0, 0
1270, 0, 104, 742, 634, 71, 28.42%, 0, 0, 4, 33.53, 47770, 1046, 0, 0
1275, 0, 104, 744, 636, 71, 28.42%, 0, 0, 4, 32.83, 47933, 1046, 0, 0
1280, 0, 104, 744, 636, 71, 28.42%, 0, 0, 4, 34.71, 48115, 1046, 0, 0
1285, 0, 104, 744, 636, 71, 28.42%, 0, 0, 4, 34.30, 48284, 1046, 0, 0
1290, 0, 104, 744, 636, 71, 28.42%, 0, 0, 4, 33.89, 48460, 1046, 0, 0
1295, 0, 104, 745, 637, 71, 28.42%, 0, 0, 4, 34.37, 48637, 1046, 0, 0
1301, 0, 104, 745, 637, 71, 28.42%, 0, 0, 4, 33.78, 48807, 1046, 0, 0
1306, 0, 104, 746, 638, 71, 28.42%, 0, 0, 4, 32.90, 48977, 1046, 0, 0
1311, 0, 104, 746, 638, 71, 28.42%, 0, 0, 4, 33.84, 49157, 1046, 0, 0
1316, 0, 104, 748, 640, 71, 28.42%, 0, 0, 4, 33.53, 49325, 1046, 0, 0
1321, 0, 104, 749, 641, 71, 28.42%, 0, 0, 4, 33.11, 49492, 1046, 0, 0
1326, 0, 104, 749, 641, 71, 28.42%, 0, 0, 4, 32.99, 49661, 1046, 0, 0
1331, 0, 104, 749, 641, 71, 28.42%, 0, 0, 4, 34.31, 49839, 1046, 0, 0
1336, 0, 104, 749, 641, 71, 28.42%, 0, 0, 4, 34.13, 50011, 1046, 0, 0
1341, 0, 104, 749, 641, 71, 28.42%, 0, 0, 4, 33.89, 50183, 1046, 0, 0
1346, 0, 104, 749, 641, 71, 28.42%, 0, 0, 4, 33.23, 50353, 1046, 0, 0
1351, 0, 104, 749, 641, 71, 28.42%, 0, 0, 4, 32.89, 50513, 1046, 0, 0
1357, 0, 104, 749, 641, 71, 28.42%, 0, 0, 4, 36.57, 50705, 1046, 0, 0
1362, 0, 104, 749, 641, 71, 28.42%, 0, 0, 4, 33.44, 50876, 1046, 0, 0
1367, 0, 104, 749, 641, 71, 28.42%, 0, 0, 4, 32.76, 51045, 1046, 0, 0
1372, 0, 104, 750, 642, 71, 28.42%, 0, 0, 4, 31.53, 51204, 1046, 0, 0
1377, 0, 104, 750, 642, 71, 28.42%, 0, 0, 4, 35.60, 51390, 1046, 0, 0
1382, 0, 104, 750, 642, 71, 28.42%, 0, 0, 4, 34.68, 51566, 1046, 0, 0
1388, 0, 104, 750, 642, 71, 28.42%, 0, 0, 4, 35.26, 51750, 1046, 0, 0
1393, 0, 104, 751, 643, 71, 28.44%, 0, 0, 4, 34.73, 51925, 1047, 0, 0
1398, 0, 104, 751, 643, 71, 28.44%, 0, 0, 4, 32.93, 52097, 1047, 0, 0
1403, 0, 104, 751, 643, 71, 28.44%, 0, 0, 4, 34.64, 52264, 1047, 0, 0
1408, 0, 104, 751, 643, 71, 28.44%, 0, 0, 4, 33.37, 52431, 1047, 0, 0
1413, 0, 104, 751, 643, 71, 28.44%, 0, 0, 4, 33.52, 52606, 1047, 0, 0
1418, 0, 104, 751, 643, 71, 28.44%, 0, 0, 4, 34.61, 52776, 1047, 0, 0
1423, 0, 104, 751, 643, 71, 28.44%, 0, 0, 4, 33.61, 52947, 1047, 0, 0
1428, 0, 104, 751, 643, 71, 28.44%, 0, 0, 4, 33.90, 53122, 1047, 0, 0
1433, 0, 104, 753, 645, 71, 28.44%, 0, 0, 4, 34.91, 53297, 1047, 0, 0
1439, 0, 104, 754, 646, 71, 28.47%, 0, 0, 4, 34.33, 53469, 1048, 0, 0
1444, 0, 104, 755, 647, 71, 28.47%, 0, 0, 4, 35.15, 53645, 1048, 0, 0
1449, 0, 104, 758, 650, 71, 28.47%, 0, 0, 4, 34.70, 53797, 1048, 0, 0
1454, 0, 104, 759, 651, 71, 28.47%, 0, 0, 4, 33.61, 53961, 1048, 0, 0
1459, 0, 104, 759, 651, 71, 28.47%, 0, 0, 4, 32.00, 54122, 1048, 0, 0
1464, 0, 104, 759, 651, 71, 28.47%, 0, 0, 4, 34.53, 54308, 1048, 0, 0
1469, 0, 104, 759, 651, 71, 28.47%, 0, 0, 4, 33.64, 54459, 1048, 0, 0
1554, 0, 759, 930, 821, 98, 30.64%, 0, 0, 4, 37.64, 57066, 1128, 0, 0
1559, 0, 759, 931, 822, 98, 30.64%, 0, 0, 4, 40.22, 57274, 1128, 0, 0
1564, 0, 759, 931, 822, 98, 30.64%, 0, 0, 4, 44.22, 57501, 1128, 0, 0
1570, 0, 825, 934, 824, 97, 30.67%, 0, 0, 4, 34.24, 57660, 1129, 0, 0
1575, 0, 825, 937, 827, 97, 30.70%, 0, 0, 4, 32.83, 57814, 1130, 0, 0
1580, 0, 825, 939, 829, 97, 30.70%, 0, 0, 4, 31.79, 57962, 1130, 0, 0
1585, 0, 825, 941, 831, 97, 30.70%, 0, 0, 4, 33.30, 58133, 1130, 0, 0
1590, 0, 825, 942, 832, 97, 30.70%, 0, 0, 4, 34.33, 58292, 1130, 0, 0
1595, 0, 825, 943, 833, 97, 30.70%, 0, 0, 4, 34.73, 58469, 1130, 0, 0
1600, 0, 825, 944, 834, 97, 30.70%, 0, 0, 4, 34.43, 58630, 1130, 0, 0
1605, 0, 825, 945, 835, 97, 30.70%, 0, 0, 4, 33.70, 58798, 1130, 0, 0
1610, 0, 825, 945, 835, 97, 30.70%, 0, 0, 4, 32.07, 58958, 1130, 0, 0
1616, 0, 825, 947, 837, 97, 30.70%, 0, 0, 4, 29.41, 59096, 1130, 0, 0
1621, 0, 825, 948, 838, 97, 30.70%, 0, 0, 4, 29.99, 59242, 1130, 0, 0
1626, 0, 825, 949, 839, 97, 30.70%, 0, 0, 4, 31.23, 59396, 1130, 0, 0
1632, 0, 825, 950, 840, 97, 30.70%, 0, 0, 4, 32.40, 59578, 1130, 0, 0
1637, 0, 825, 951, 841, 97, 30.70%, 0, 0, 4, 35.41, 59760, 1130, 0, 0
1642, 0, 825, 951, 841, 97, 30.70%, 0, 0, 4, 34.12, 59934, 1130, 0, 0
1647, 0, 825, 952, 842, 97, 30.70%, 0, 0, 4, 34.93, 60094, 1130, 0, 0
1652, 0, 825, 952, 842, 97, 30.70%, 0, 0, 4, 33.27, 60264, 1130, 0, 0
1657, 0, 825, 952, 842, 97, 30.70%, 0, 0, 4, 32.57, 60431, 1130, 0, 0
1662, 0, 825, 952, 842, 97, 30.70%, 0, 0, 4, 35.27, 60608, 1130, 0, 0
1667, 0, 825, 952, 842, 97, 30.70%, 0, 0, 4, 37.59, 60800, 1130, 0, 0
1673, 0, 825, 954, 844, 97, 30.70%, 0, 0, 4, 33.90, 60955, 1130, 0, 0
1678, 0, 825, 954, 844, 97, 30.70%, 0, 0, 4, 33.45, 61129, 1130, 0, 0
1683, 0, 825, 954, 844, 97, 30.70%, 0, 0, 4, 34.18, 61304, 1130, 0, 0
1688, 0, 825, 955, 845, 97, 30.70%, 0, 0, 4, 32.40, 61455, 1130, 0, 0
1693, 0, 825, 955, 845, 97, 30.70%, 0, 0, 4, 34.03, 61629, 1130, 0, 0
1698, 0, 825, 955, 845, 97, 30.70%, 0, 0, 4, 35.08, 61806, 1130, 0, 0
1703, 0, 825, 955, 845, 97, 30.70%, 0, 0, 4, 34.24, 61974, 1130, 0, 0
1708, 0, 825, 956, 846, 97, 30.70%, 0, 0, 4, 35.74, 62143, 1130, 0, 0
1713, 0, 825, 957, 847, 97, 30.70%, 0, 0, 4, 31.66, 62293, 1130, 0, 0
1718, 0, 825, 957, 847, 97, 30.70%, 0, 0, 4, 34.75, 62469, 1130, 0, 0
1723, 0, 825, 958, 848, 97, 30.70%, 0, 0, 4, 35.83, 62633, 1130, 0, 0
1728, 0, 825, 959, 849, 97, 30.70%, 0, 0, 4, 34.77, 62790, 1130, 0, 0
1733, 0, 825, 959, 849, 97, 30.70%, 0, 0, 4, 35.77, 62969, 1130, 0, 0
1738, 0, 825, 960, 850, 97, 30.70%, 0, 0, 4, 32.97, 63117, 1130, 0, 0
1743, 0, 825, 961, 851, 97, 30.70%, 0, 0, 4, 33.12, 63288, 1130, 0, 0
1749, 0, 825, 961, 851, 97, 30.70%, 0, 0, 4, 32.95, 63462, 1130, 0, 0
1754, 0, 825, 961, 851, 97, 30.70%, 0, 0, 4, 32.86, 63630, 1130, 0, 0
1759, 0, 825, 962, 852, 97, 30.70%, 0, 0, 4, 34.44, 63803, 1130, 0, 0
1764, 0, 825, 962, 852, 97, 30.70%, 0, 0, 4, 34.09, 63979, 1130, 0, 0
1769, 0, 825, 962, 852, 97, 30.70%, 0, 0, 4, 35.85, 64155, 1130, 0, 0
1774, 0, 825, 963, 853, 97, 30.78%, 0, 0, 4, 34.31, 64331, 1133, 0, 0
1779, 0, 825, 964, 854, 97, 30.78%, 0, 0, 4, 34.41, 64497, 1133, 0, 0
1784, 0, 825, 964, 854, 97, 30.78%, 0, 0, 4, 34.72, 64673, 1133, 0, 0
1789, 0, 825, 964, 854, 97, 30.78%, 0, 0, 4, 33.37, 64841, 1133, 0, 0
1794, 0, 825, 965, 855, 97, 30.78%, 0, 0, 4, 35.34, 65013, 1133, 0, 0
1800, 0, 825, 965, 855, 97, 30.78%, 0, 0, 4, 33.77, 65178, 1133, 0, 0
1805, 0, 825, 966, 856, 97, 30.78%, 0, 0, 4, 34.92, 65356, 1133, 0, 0
1810, 0, 825, 967, 857, 97, 30.81%, 0, 0, 4, 35.90, 65534, 1134, 0, 0
1815, 0, 825, 967, 857, 97, 30.81%, 0, 0, 4, 36.26, 65688, 1134, 0, 0
1820, 0, 825, 967, 857, 97, 30.81%, 0, 0, 4, 33.88, 65857, 1134, 0, 0
1825, 0, 825, 968, 858, 97, 30.81%, 0, 0, 4, 33.60, 66030, 1134, 0, 0
1830, 0, 825, 968, 858, 97, 30.81%, 0, 0, 4, 32.27, 66195, 1134, 0, 0
1835, 0, 825, 968, 858, 97, 30.81%, 0, 0, 4, 32.71, 66368, 1134, 0, 0
1840, 0, 825, 968, 858, 97, 30.81%, 0, 0, 4, 31.42, 66527, 1134, 0, 0
1845, 0, 825, 968, 858, 97, 30.81%, 0, 0, 4, 32.33, 66693, 1134, 0, 0
1851, 0, 825, 969, 859, 97, 30.81%, 0, 0, 4, 32.74, 66852, 1134, 0, 0
1856, 0, 825, 969, 859, 97, 30.81%, 0, 0, 4, 30.93, 67007, 1134, 0, 0
1861, 0, 825, 970, 860, 97, 30.81%, 0, 0, 4, 32.40, 67174, 1134, 0, 0
1866, 0, 825, 970, 860, 97, 30.81%, 0, 0, 4, 34.40, 67344, 1134, 0, 0
1871, 0, 825, 970, 860, 97, 30.81%, 0, 0, 4, 34.23, 67514, 1134, 0, 0
1876, 0, 825, 971, 861, 97, 30.81%, 0, 0, 4, 30.99, 67659, 1134, 0, 0
1881, 0, 825, 971, 861, 97, 30.81%, 0, 0, 4, 33.66, 67840, 1134, 0, 0
1886, 0, 825, 971, 861, 97, 30.81%, 0, 0, 4, 32.03, 67998, 1134, 0, 0
1892, 0, 825, 971, 861, 97, 30.81%, 0, 0, 4, 32.83, 68169, 1134, 0, 0
1897, 0, 825, 971, 861, 97, 30.81%, 0, 0, 4, 34.30, 68342, 1134, 0, 0
1902, 0, 825, 971, 861, 97, 30.81%, 0, 0, 4, 33.95, 68515, 1134, 0, 0
1907, 0, 825, 971, 861, 97, 30.81%, 0, 0, 4, 33.08, 68683, 1134, 0, 0
1912, 0, 825, 973, 863, 97, 30.81%, 0, 0, 4, 32.94, 68851, 1134, 0, 0
1917, 0, 825, 973, 863, 97, 30.81%, 0, 0, 4, 33.84, 69025, 1134, 0, 0
1922, 0, 825, 973, 863, 97, 30.81%, 0, 0, 4, 35.35, 69209, 1134, 0, 0
1927, 0, 825, 973, 863, 97, 30.81%, 0, 0, 4, 33.65, 69381, 1134, 0, 0
1933, 0, 825, 973, 863, 97, 30.81%, 0, 0, 4, 34.97, 69563, 1134, 0, 0
1938, 0, 825, 973, 863, 97, 30.81%, 0, 0, 4, 34.36, 69725, 1134, 0, 0
1943, 0, 825, 973, 863, 97, 30.81%, 0, 0, 4, 32.33, 69894, 1134, 0, 0
1948, 0, 825, 974, 864, 97, 30.81%, 0, 0, 4, 34.73, 70057, 1134, 0, 0
1953, 0, 825, 975, 865, 97, 30.81%, 0, 0, 4, 32.30, 70212, 1134, 0, 0
1959, 0, 825, 976, 866, 97, 30.81%, 0, 0, 4, 30.82, 70378, 1134, 0, 0
1964, 0, 825, 976, 866, 97, 30.81%, 0, 0, 4, 32.15, 70546, 1134, 0, 0
1969, 0, 825, 976, 866, 97, 30.81%, 0, 0, 4, 30.76, 70699, 1134, 0, 0
1974, 0, 760, 976, 865, 103, 30.81%, 0, 0, 4, 34.82, 70888, 1134, 0, 0
1979, 0, 760, 976, 865, 103, 30.81%, 0, 0, 4, 39.80, 71097, 1134, 0, 0
1985, 0, 897, 976, 864, 102, 30.81%, 0, 0, 4, 41.02, 71346, 1134, 0, 0
1990, 0, 897, 976, 864, 102, 30.81%, 0, 0, 4, 38.28, 71548, 1134, 0, 0
1995, 0, 897, 976, 864, 102, 30.81%, 0, 0, 4, 38.73, 71742, 1134, 0, 0
2000, 0, 793, 976, 863, 101, 30.81%, 0, 0, 4, 36.11, 71931, 1134, 0, 0
2006, 0, 793, 978, 865, 101, 30.83%, 0, 0, 4, 33.09, 72110, 1135, 0, 0
2011, 0, 793, 978, 865, 101, 30.83%, 0, 0, 4, 31.73, 72277, 1135, 0, 0
2016, 0, 793, 978, 865, 101, 30.83%, 0, 0, 4, 33.17, 72447, 1135, 0, 0
2021, 0, 793, 978, 865, 101, 30.83%, 0, 0, 4, 31.35, 72603, 1135, 0, 0
2027, 0, 793, 978, 865, 101, 30.83%, 0, 0, 4, 29.50, 72754, 1135, 0, 0
2032, 0, 793, 980, 867, 101, 30.83%, 0, 0, 4, 29.56, 72903, 1135, 0, 0
2037, 0, 793, 981, 868, 101, 30.86%, 0, 0, 4, 29.69, 73052, 1136, 0, 0
2042, 0, 793, 981, 868, 101, 30.86%, 0, 0, 4, 29.68, 73204, 1136, 0, 0
2047, 0, 793, 981, 868, 101, 30.86%, 0, 0, 4, 29.14, 73353, 1136, 0, 0
2052, 0, 793, 981, 868, 101, 30.86%, 0, 0, 4, 32.97, 73525, 1136, 0, 0
2057, 0, 793, 982, 869, 101, 30.86%, 0, 0, 4, 31.20, 73675, 1136, 0, 0
2062, 0, 793, 982, 869, 101, 30.86%, 0, 0, 4, 31.02, 73835, 1136, 0, 0
2068, 0, 793, 983, 870, 101, 30.86%, 0, 0, 4, 30.62, 74009, 1136, 0, 0
2073, 0, 793, 984, 871, 101, 30.86%, 0, 0, 4, 29.23, 74155, 1136, 0, 0
2078, 0, 793, 985, 872, 101, 30.86%, 0, 0, 4, 29.71, 74302, 1136, 0, 0
2082, 0, 793, 985, 872, 101, 30.86%, 0, 0, 4, 31.47, 74431, 1136, 0, 0
