# relative_time, cycles_done, cur_item, corpus_count, pending_total, pending_favs, map_size, saved_crashes, saved_hangs, max_depth, execs_per_sec, total_execs, edges_found, total_crashes, servers_count
61, 0, 1, 311, 218, 40, 11.23%, 0, 0, 2, 36.63, 4118, 1633, 0, 0
66, 0, 1, 314, 221, 40, 11.24%, 0, 0, 2, 35.52, 4298, 1635, 0, 0
71, 0, 1, 317, 224, 40, 11.25%, 0, 0, 2, 36.77, 4483, 1637, 0, 0
76, 0, 1, 318, 225, 40, 11.35%, 0, 0, 2, 37.24, 4671, 1651, 0, 0
82, 0, 1, 319, 226, 40, 11.36%, 0, 0, 2, 37.84, 4862, 1652, 0, 0
87, 0, 1, 320, 227, 40, 11.36%, 0, 0, 2, 37.32, 5054, 1652, 0, 0
92, 0, 1, 322, 229, 40, 11.36%, 0, 0, 2, 37.21, 5244, 1653, 0, 0
97, 0, 1, 323, 230, 40, 11.40%, 0, 0, 2, 36.83, 5428, 1658, 0, 0
102, 0, 1, 324, 231, 40, 11.43%, 0, 0, 2, 37.81, 5620, 1662, 0, 0
107, 0, 1, 325, 232, 40, 11.43%, 0, 0, 2, 36.88, 5805, 1663, 0, 0
112, 0, 1, 327, 234, 40, 11.44%, 0, 0, 2, 34.84, 5988, 1664, 0, 0
117, 0, 1, 328, 235, 40, 11.45%, 0, 0, 2, 37.14, 6180, 1666, 0, 0
123, 0, 1, 330, 237, 40, 11.47%, 0, 0, 2, 37.10, 6374, 1668, 0, 0
128, 0, 1, 333, 240, 40, 11.52%, 0, 0, 2, 37.01, 6561, 1676, 0, 0
133, 0, 1, 335, 242, 40, 11.55%, 0, 0, 2, 35.80, 6739, 1680, 0, 0
138, 0, 1, 335, 242, 40, 11.55%, 0, 0, 2, 36.32, 6926, 1680, 0, 0
143, 0, 1, 337, 244, 40, 11.60%, 0, 0, 2, 36.48, 7113, 1687, 0, 0
148, 0, 1, 337, 244, 40, 11.60%, 0, 0, 2, 35.11, 7284, 1687, 0, 0
153, 0, 1, 338, 245, 40, 11.66%, 0, 0, 2, 36.60, 7476, 1696, 0, 0
158, 0, 1, 339, 246, 40, 11.66%, 0, 0, 2, 36.79, 7663, 1696, 0, 0
163, 0, 1, 342, 249, 40, 11.69%, 0, 0, 2, 37.12, 7852, 1701, 0, 0
169, 0, 1, 343, 250, 40, 11.69%, 0, 0, 2, 36.34, 8040, 1701, 0, 0
174, 0, 1, 345, 252, 40, 11.70%, 0, 0, 2, 36.90, 8233, 1702, 0, 0
179, 0, 1, 346, 253, 40, 11.72%, 0, 0, 2, 37.31, 8423, 1704, 0, 0
184, 0, 1, 349, 256, 40, 11.73%, 0, 0, 2, 36.89, 8608, 1706, 0, 0
189, 0, 1, 349, 256, 40, 11.73%, 0, 0, 2, 36.20, 8794, 1706, 0, 0
194, 0, 1, 350, 257, 40, 11.73%, 0, 0, 2, 36.47, 8983, 1706, 0, 0
199, 0, 1, 351, 258, 40, 11.74%, 0, 0, 2, 36.53, 9173, 1708, 0, 0
204, 0, 1, 353, 260, 40, 11.78%, 0, 0, 2, 37.12, 9361, 1714, 0, 0
210, 0, 16, 353, 259, 93, 11.78%, 0, 0, 2, 4.55, 9535, 1714, 0, 0
215, 0, 16, 356, 262, 93, 11.79%, 0, 0, 2, 40.30, 9735, 1715, 0, 0
220, 0, 16, 359, 265, 93, 11.87%, 0, 0, 2, 40.83, 9945, 1726, 0, 0
225, 0, 16, 361, 267, 93, 11.89%, 0, 0, 2, 39.27, 10142, 1730, 0, 0
230, 0, 16, 363, 269, 93, 11.93%, 0, 0, 2, 38.11, 10334, 1735, 0, 0
235, 0, 16, 366, 272, 93, 11.93%, 0, 0, 2, 39.56, 10536, 1735, 0, 0
240, 0, 16, 366, 272, 93, 11.93%, 0, 0, 2, 38.29, 10731, 1735, 0, 0
245, 0, 16, 367, 273, 93, 11.94%, 0, 0, 2, 39.21, 10929, 1736, 0, 0
251, 0, 16, 369, 275, 93, 11.94%, 0, 0, 2, 39.70, 11133, 1736, 0, 0
256, 0, 16, 373, 279, 93, 12.01%, 0, 0, 2, 40.11, 11336, 1747, 0, 0
261, 0, 16, 375, 281, 93, 12.02%, 0, 0, 2, 40.98, 11548, 1748, 0, 0
266, 0, 16, 376, 282, 93, 12.02%, 0, 0, 2, 39.18, 11750, 1749, 0, 0
271, 0, 16, 378, 284, 93, 12.08%, 0, 0, 2, 39.59, 11952, 1757, 0, 0
276, 0, 16, 380, 286, 93, 12.08%, 0, 0, 2, 39.54, 12152, 1757, 0, 0
281, 0, 16, 381, 287, 93, 12.08%, 0, 0, 2, 38.26, 12349, 1757, 0, 0
286, 0, 16, 383, 289, 93, 12.10%, 0, 0, 2, 39.10, 12549, 1760, 0, 0
292, 0, 16, 387, 293, 93, 12.11%, 0, 0, 2, 39.01, 12748, 1762, 0, 0
297, 0, 16, 388, 294, 93, 12.13%, 0, 0, 2, 39.08, 12947, 1765, 0, 0
302, 0, 16, 389, 295, 93, 12.14%, 0, 0, 2, 39.58, 13149, 1766, 0, 0
307, 0, 16, 390, 296, 93, 12.14%, 0, 0, 2, 39.72, 13352, 1766, 0, 0
312, 0, 16, 392, 298, 93, 12.16%, 0, 0, 2, 39.56, 13556, 1769, 0, 0
317, 0, 16, 393, 299, 93, 12.17%, 0, 0, 2, 39.58, 13758, 1770, 0, 0
322, 0, 16, 394, 300, 93, 12.17%, 0, 0, 2, 39.75, 13962, 1770, 0, 0
327, 0, 16, 394, 300, 93, 12.17%, 0, 0, 2, 39.06, 14162, 1770, 0, 0
332, 0, 16, 395, 301, 93, 12.17%, 0, 0, 2, 38.33, 14354, 1770, 0, 0
337, 0, 16, 396, 302, 93, 12.17%, 0, 0, 2, 38.78, 14552, 1770, 0, 0
342, 0, 16, 397, 303, 93, 12.17%, 0, 0, 2, 39.77, 14755, 1770, 0, 0
348, 0, 16, 398, 304, 93, 12.18%, 0, 0, 2, 39.09, 14955, 1771, 0, 0
353, 0, 16, 398, 304, 93, 12.18%, 0, 0, 2, 39.30, 15159, 1771, 0, 0
358, 0, 16, 400, 306, 93, 12.18%, 0, 0, 2, 39.10, 15357, 1771, 0, 0
363, 0, 16, 400, 306, 93, 12.18%, 0, 0, 2, 39.47, 15557, 1771, 0, 0
368, 0, 16, 401, 307, 93, 12.18%, 0, 0, 2, 39.62, 15764, 1772, 0, 0
373, 0, 16, 401, 307, 93, 12.18%, 0, 0, 2, 38.96, 15962, 1772, 0, 0
378, 0, 16, 402, 308, 93, 12.24%, 0, 0, 2, 38.08, 16149, 1780, 0, 0
384, 0, 154, 404, 309, 116, 12.25%, 0, 0, 2, 39.12, 16372, 1782, 0, 0
389, 0, 154, 408, 313, 116, 12.29%, 0, 0, 2, 39.42, 16554, 1788, 0, 0
394, 0, 154, 410, 315, 116, 12.30%, 0, 0, 2, 13.78, 16727, 1789, 0, 0
399, 0, 154, 412, 317, 116, 12.33%, 0, 0, 2, 31.69, 16912, 1794, 0, 0
404, 0, 154, 414, 319, 116, 12.37%, 0, 0, 2, 38.02, 17114, 1799, 0, 0
409, 0, 154, 416, 321, 116, 12.42%, 0, 0, 2, 39.25, 17315, 1807, 0, 0
415, 0, 154, 418, 323, 116, 12.44%, 0, 0, 2, 39.24, 17517, 1809, 0, 0
420, 0, 154, 418, 323, 116, 12.44%, 0, 0, 2, 39.36, 17715, 1809, 0, 0
425, 0, 154, 420, 325, 116, 12.45%, 0, 0, 2, 39.35, 17914, 1811, 0, 0
430, 0, 154, 421, 326, 116, 12.46%, 0, 0, 2, 39.94, 18101, 1812, 0, 0
435, 0, 154, 421, 326, 116, 12.46%, 0, 0, 2, 39.27, 18301, 1812, 0, 0
440, 0, 154, 425, 330, 116, 12.53%, 0, 0, 2, 39.07, 18505, 1823, 0, 0
445, 0, 154, 426, 331, 116, 12.53%, 0, 0, 2, 39.06, 18704, 1823, 0, 0
450, 0, 154, 427, 332, 116, 12.56%, 0, 0, 2, 39.20, 18901, 1827, 0, 0
455, 0, 154, 428, 333, 116, 12.56%, 0, 0, 2, 38.96, 19100, 1827, 0, 0
461, 0, 154, 430, 335, 116, 12.62%, 0, 0, 2, 39.00, 19304, 1835, 0, 0
466, 0, 154, 432, 337, 116, 12.64%, 0, 0, 2, 40.26, 19497, 1838, 0, 0
471, 0, 154, 433, 338, 116, 12.64%, 0, 0, 2, 38.86, 19702, 1838, 0, 0
476, 0, 154, 434, 339, 116, 12.64%, 0, 0, 2, 39.97, 19905, 1838, 0, 0
481, 0, 154, 434, 339, 116, 12.64%, 0, 0, 2, 40.40, 20113, 1838, 0, 0
486, 0, 154, 437, 342, 116, 12.66%, 0, 0, 2, 40.69, 20322, 1841, 0, 0
491, 0, 154, 437, 342, 116, 12.66%, 0, 0, 2, 40.28, 20526, 1841, 0, 0
497, 0, 154, 437, 342, 116, 12.66%, 0, 0, 2, 39.54, 20731, 1841, 0, 0
502, 0, 154, 437, 342, 116, 12.66%, 0, 0, 2, 40.09, 20939, 1841, 0, 0
507, 0, 154, 437, 342, 116, 12.66%, 0, 0, 2, 39.65, 21140, 1841, 0, 0
512, 0, 154, 437, 342, 116, 12.66%, 0, 0, 2, 39.06, 21342, 1841, 0, 0
517, 0, 154, 437, 342, 116, 12.66%, 0, 0, 2, 39.73, 21545, 1841, 0, 0
522, 0, 154, 438, 343, 116, 12.66%, 0, 0, 2, 40.41, 21754, 1841, 0, 0
528, 0, 154, 438, 343, 116, 12.66%, 0, 0, 2, 40.46, 21961, 1841, 0, 0
533, 0, 154, 439, 344, 116, 12.66%, 0, 0, 2, 39.54, 22166, 1842, 0, 0
538, 0, 154, 440, 345, 116, 12.67%, 0, 0, 2, 39.82, 22366, 1843, 0, 0
543, 0, 154, 441, 346, 116, 12.68%, 0, 0, 2, 39.60, 22571, 1844, 0, 0
548, 0, 154, 442, 347, 116, 12.68%, 0, 0, 2, 39.34, 22770, 1845, 0, 0
553, 0, 154, 443, 348, 116, 12.70%, 0, 0, 2, 39.91, 22974, 1847, 0, 0
558, 0, 155, 443, 347, 137, 12.70%, 0, 0, 2, 40.34, 23188, 1847, 0, 0
564, 0, 156, 445, 348, 136, 12.71%, 0, 0, 2, 40.73, 23388, 1848, 0, 0
569, 0, 159, 448, 350, 136, 12.73%, 0, 0, 2, 40.35, 23566, 1851, 0, 0
574, 0, 159, 457, 359, 136, 12.87%, 0, 0, 2, 38.06, 23752, 1872, 0, 0
579, 0, 159, 466, 368, 136, 12.88%, 0, 0, 2, 41.27, 23971, 1874, 0, 0
584, 0, 159, 466, 368, 136, 12.88%, 0, 0, 2, 41.97, 24187, 1874, 0, 0
589, 0, 159, 468, 370, 136, 12.88%, 0, 0, 2, 42.18, 24403, 1874, 0, 0
594, 0, 159, 469, 371, 136, 12.88%, 0, 0, 2, 36.46, 24574, 1874, 0, 0
599, 0, 159, 469, 371, 136, 12.88%, 0, 0, 2, 35.01, 24751, 1874, 0, 0
605, 0, 159, 470, 372, 136, 12.91%, 0, 0, 2, 37.75, 24944, 1878, 0, 0
610, 0, 159, 473, 375, 136, 12.93%, 0, 0, 2, 38.44, 25134, 1880, 0, 0
615, 0, 159, 478, 380, 136, 13.01%, 0, 0, 2, 38.79, 25341, 1892, 0, 0
620, 0, 159, 480, 382, 136, 13.01%, 0, 0, 2, 40.14, 25536, 1893, 0, 0
625, 0, 159, 481, 383, 136, 13.02%, 0, 0, 2, 39.12, 25735, 1894, 0, 0
630, 0, 159, 483, 385, 136, 13.05%, 0, 0, 2, 39.00, 25935, 1898, 0, 0
636, 0, 159, 485, 387, 136, 13.06%, 0, 0, 2, 38.69, 26136, 1900, 0, 0
641, 0, 159, 488, 390, 136, 13.07%, 0, 0, 2, 38.02, 26314, 1901, 0, 0
646, 0, 159, 488, 390, 136, 13.07%, 0, 0, 2, 38.89, 26512, 1901, 0, 0
651, 0, 159, 490, 392, 136, 13.08%, 0, 0, 2, 39.37, 26710, 1902, 0, 0
656, 0, 159, 491, 393, 136, 13.08%, 0, 0, 2, 39.98, 26917, 1903, 0, 0
661, 0, 159, 493, 395, 136, 13.08%, 0, 0, 2, 39.68, 27117, 1903, 0, 0
666, 0, 159, 493, 395, 136, 13.08%, 0, 0, 2, 39.93, 27324, 1903, 0, 0
671, 0, 159, 493, 395, 136, 13.08%, 0, 0, 2, 39.43, 27522, 1903, 0, 0
676, 0, 159, 493, 395, 136, 13.08%, 0, 0, 2, 39.91, 27726, 1903, 0, 0
681, 0, 159, 494, 396, 136, 13.12%, 0, 0, 2, 39.15, 27912, 1908, 0, 0
686, 0, 159, 494, 396, 136, 13.12%, 0, 0, 2, 38.95, 28107, 1908, 0, 0
692, 0, 159, 495, 397, 136, 13.27%, 0, 0, 2, 38.83, 28310, 1930, 0, 0
697, 0, 159, 496, 398, 136, 13.28%, 0, 0, 2, 37.79, 28490, 1931, 0, 0
702, 0, 159, 496, 398, 136, 13.28%, 0, 0, 2, 39.11, 28691, 1931, 0, 0
707, 0, 159, 498, 400, 136, 13.28%, 0, 0, 2, 38.12, 28876, 1931, 0, 0
712, 0, 159, 500, 402, 136, 13.28%, 0, 0, 2, 39.24, 29076, 1932, 0, 0
717, 0, 159, 501, 403, 136, 13.29%, 0, 0, 2, 39.46, 29279, 1933, 0, 0
722, 0, 159, 501, 403, 136, 13.29%, 0, 0, 2, 40.34, 29488, 1933, 0, 0
728, 0, 159, 502, 404, 136, 13.29%, 0, 0, 2, 38.58, 29683, 1933, 0, 0
733, 0, 159, 502, 404, 136, 13.29%, 0, 0, 2, 35.34, 29844, 1933, 0, 0
738, 0, 159, 505, 407, 136, 13.30%, 0, 0, 2, 37.63, 30042, 1934, 0, 0
743, 0, 159, 506, 408, 136, 13.30%, 0, 0, 2, 38.88, 30242, 1935, 0, 0
748, 0, 159, 507, 409, 136, 13.30%, 0, 0, 2, 39.40, 30441, 1935, 0, 0
753, 0, 159, 507, 409, 136, 13.30%, 0, 0, 2, 40.00, 30646, 1935, 0, 0
758, 0, 159, 507, 409, 136, 13.30%, 0, 0, 2, 39.65, 30846, 1935, 0, 0
763, 0, 159, 507, 409, 136, 13.30%, 0, 0, 2, 39.02, 31047, 1935, 0, 0
768, 0, 159, 509, 411, 136, 13.32%, 0, 0, 2, 39.42, 31248, 1938, 0, 0
774, 0, 159, 510, 412, 136, 13.33%, 0, 0, 2, 39.23, 31450, 1939, 0, 0
779, 0, 159, 510, 412, 136, 13.33%, 0, 0, 2, 38.66, 31649, 1939, 0, 0
784, 0, 159, 510, 412, 136, 13.33%, 0, 0, 2, 39.27, 31848, 1939, 0, 0
789, 0, 159, 511, 413, 136, 13.34%, 0, 0, 2, 39.57, 32050, 1941, 0, 0
794, 0, 159, 512, 414, 136, 13.35%, 0, 0, 2, 39.05, 32245, 1942, 0, 0
799, 0, 159, 512, 414, 136, 13.35%, 0, 0, 2, 36.86, 32427, 1942, 0, 0
804, 0, 159, 514, 416, 136, 13.37%, 0, 0, 2, 37.97, 32623, 1944, 0, 0
809, 0, 159, 514, 416, 136, 13.37%, 0, 0, 2, 38.69, 32819, 1944, 0, 0
814, 0, 159, 515, 417, 136, 13.37%, 0, 0, 2, 38.32, 33011, 1944, 0, 0
819, 0, 159, 516, 418, 136, 13.38%, 0, 0, 2, 38.83, 33196, 1946, 0, 0
824, 0, 159, 516, 418, 136, 13.38%, 0, 0, 2, 38.61, 33394, 1946, 0, 0
830, 0, 159, 519, 421, 136, 13.39%, 0, 0, 2, 38.45, 33596, 1948, 0, 0
835, 0, 159, 520, 422, 136, 13.39%, 0, 0, 2, 38.98, 33804, 1948, 0, 0
840, 0, 159, 520, 422, 136, 13.39%, 0, 0, 2, 38.81, 34003, 1948, 0, 0
845, 0, 159, 521, 423, 136, 13.39%, 0, 0, 2, 38.18, 34167, 1948, 0, 0
850, 0, 159, 521, 423, 136, 13.39%, 0, 0, 2, 38.71, 34366, 1948, 0, 0
855, 0, 159, 521, 423, 136, 13.39%, 0, 0, 2, 38.27, 34560, 1948, 0, 0
860, 0, 159, 521, 423, 136, 13.39%, 0, 0, 2, 38.66, 34757, 1948, 0, 0
865, 0, 159, 523, 425, 136, 13.39%, 0, 0, 2, 38.98, 34957, 1948, 0, 0
871, 0, 159, 523, 425, 136, 13.39%, 0, 0, 2, 37.84, 35149, 1948, 0, 0
876, 0, 159, 524, 426, 136, 13.39%, 0, 0, 2, 37.47, 35344, 1948, 0, 0
881, 0, 159, 525, 427, 136, 13.48%, 0, 0, 2, 38.65, 35544, 1961, 0, 0
886, 0, 159, 526, 428, 136, 13.49%, 0, 0, 2, 38.67, 35745, 1962, 0, 0
891, 0, 159, 526, 428, 136, 13.49%, 0, 0, 2, 39.25, 35945, 1962, 0, 0
896, 0, 159, 526, 428, 136, 13.49%, 0, 0, 2, 38.77, 36143, 1962, 0, 0
901, 0, 159, 526, 428, 136, 13.49%, 0, 0, 2, 39.28, 36343, 1962, 0, 0
906, 0, 159, 526, 428, 136, 13.49%, 0, 0, 2, 38.72, 36539, 1962, 0, 0
911, 0, 159, 527, 429, 136, 13.52%, 0, 0, 2, 38.58, 36732, 1966, 0, 0
917, 0, 159, 527, 429, 136, 13.52%, 0, 0, 2, 38.04, 36925, 1966, 0, 0
922, 0, 159, 527, 429, 136, 13.52%, 0, 0, 2, 37.70, 37104, 1966, 0, 0
927, 0, 159, 527, 429, 136, 13.52%, 0, 0, 2, 38.27, 37298, 1966, 0, 0
932, 0, 159, 528, 430, 136, 13.52%, 0, 0, 2, 37.88, 37493, 1966, 0, 0
937, 0, 159, 528, 430, 136, 13.52%, 0, 0, 2, 37.57, 37685, 1966, 0, 0
942, 0, 159, 529, 431, 136, 13.52%, 0, 0, 2, 38.35, 37886, 1966, 0, 0
947, 0, 159, 529, 431, 136, 13.52%, 0, 0, 2, 38.11, 38077, 1966, 0, 0
952, 0, 159, 530, 432, 136, 13.52%, 0, 0, 2, 39.12, 38277, 1967, 0, 0
958, 0, 159, 532, 434, 136, 13.53%, 0, 0, 2, 39.36, 38483, 1968, 0, 0
963, 0, 159, 532, 434, 136, 13.53%, 0, 0, 2, 39.39, 38684, 1968, 0, 0
968, 0, 159, 533, 435, 136, 13.54%, 0, 0, 2, 39.01, 38884, 1970, 0, 0
973, 0, 159, 533, 435, 136, 13.54%, 0, 0, 2, 38.14, 39077, 1970, 0, 0
978, 0, 159, 533, 435, 136, 13.54%, 0, 0, 2, 38.29, 39272, 1970, 0, 0
983, 0, 159, 533, 435, 136, 13.54%, 0, 0, 2, 39.16, 39474, 1970, 0, 0
988, 0, 159, 533, 435, 136, 13.54%, 0, 0, 2, 39.31, 39674, 1970, 0, 0
993, 0, 159, 533, 435, 136, 13.54%, 0, 0, 2, 37.37, 39856, 1970, 0, 0
998, 0, 159, 534, 436, 136, 13.56%, 0, 0, 2, 39.81, 40061, 1972, 0, 0
1003, 0, 159, 535, 437, 136, 13.56%, 0, 0, 2, 39.64, 40262, 1972, 0, 0
1008, 0, 159, 536, 438, 136, 13.56%, 0, 0, 2, 39.80, 40465, 1972, 0, 0
1014, 0, 159, 537, 439, 136, 13.56%, 0, 0, 2, 39.30, 40666, 1973, 0, 0
1019, 0, 159, 537, 439, 136, 13.56%, 0, 0, 2, 38.41, 40859, 1973, 0, 0
1024, 0, 159, 538, 440, 136, 13.57%, 0, 0, 2, 38.97, 41056, 1974, 0, 0
1029, 0, 159, 539, 441, 136, 13.59%, 0, 0, 2, 38.71, 41250, 1977, 0, 0
1034, 0, 159, 539, 441, 136, 13.59%, 0, 0, 2, 37.36, 41432, 1977, 0, 0
1039, 0, 159, 540, 442, 136, 13.59%, 0, 0, 2, 38.00, 41625, 1977, 0, 0
1044, 0, 159, 540, 442, 136, 13.59%, 0, 0, 2, 38.08, 41822, 1977, 0, 0
1049, 0, 159, 542, 444, 136, 13.59%, 0, 0, 2, 38.29, 42017, 1977, 0, 0
1054, 0, 159, 542, 444, 136, 13.59%, 0, 0, 2, 37.69, 42206, 1977, 0, 0
1059, 0, 159, 542, 444, 136, 13.59%, 0, 0, 2, 38.34, 42399, 1977, 0, 0
1064, 0, 159, 542, 444, 136, 13.59%, 0, 0, 2, 39.16, 42597, 1977, 0, 0
1070, 0, 159, 542, 444, 136, 13.59%, 0, 0, 2, 39.87, 42805, 1977, 0, 0
1075, 0, 159, 542, 444, 136, 13.59%, 0, 0, 2, 39.17, 43002, 1977, 0, 0
1080, 0, 159, 542, 444, 136, 13.59%, 0, 0, 2, 38.20, 43198, 1977, 0, 0
1085, 0, 159, 543, 445, 136, 13.59%, 0, 0, 2, 38.98, 43398, 1977, 0, 0
1090, 0, 159, 543, 445, 136, 13.59%, 0, 0, 2, 38.35, 43595, 1977, 0, 0
1095, 0, 159, 544, 446, 136, 13.59%, 0, 0, 2, 38.97, 43795, 1977, 0, 0
1100, 0, 159, 545, 447, 136, 13.63%, 0, 0, 2, 39.00, 43989, 1983, 0, 0
1105, 0, 159, 546, 448, 136, 13.63%, 0, 0, 2, 38.19, 44187, 1983, 0, 0
1110, 0, 159, 546, 448, 136, 13.63%, 0, 0, 2, 39.09, 44388, 1983, 0, 0
1115, 0, 159, 546, 448, 136, 13.63%, 0, 0, 2, 39.56, 44587, 1983, 0, 0
1120, 0, 159, 546, 448, 136, 13.63%, 0, 0, 2, 38.88, 44783, 1983, 0, 0
1126, 0, 159, 546, 448, 136, 13.63%, 0, 0, 2, 39.05, 44982, 1983, 0, 0
1131, 0, 159, 546, 448, 136, 13.63%, 0, 0, 2, 38.76, 45181, 1983, 0, 0
1136, 0, 159, 547, 449, 136, 13.64%, 0, 0, 2, 38.95, 45382, 1984, 0, 0
1141, 0, 159, 547, 449, 136, 13.64%, 0, 0, 2, 39.13, 45582, 1984, 0, 0
1146, 0, 159, 547, 449, 136, 13.64%, 0, 0, 2, 38.23, 45777, 1984, 0, 0
1151, 0, 159, 548, 450, 136, 13.66%, 0, 0, 2, 38.77, 45979, 1987, 0, 0
1156, 0, 159, 549, 451, 136, 13.66%, 0, 0, 2, 37.95, 46166, 1987, 0, 0
1161, 0, 159, 549, 451, 136, 13.66%, 0, 0, 2, 38.51, 46365, 1987, 0, 0
1166, 0, 159, 550, 452, 136, 13.66%, 0, 0, 2, 38.20, 46560, 1987, 0, 0
1172, 0, 159, 550, 452, 136, 13.66%, 0, 0, 2, 38.78, 46758, 1987, 0, 0
1177, 0, 159, 550, 452, 136, 13.66%, 0, 0, 2, 38.14, 46948, 1987, 0, 0
1182, 0, 159, 550, 452, 136, 13.66%, 0, 0, 2, 37.41, 47124, 1987, 0, 0
1187, 0, 159, 550, 452, 136, 13.66%, 0, 0, 2, 38.36, 47319, 1987, 0, 0
1188, 0, 160, 550, 452, 136, 13.66%, 0, 0, 2, 0.00, 47373, 1987, 0, 0
1188, 0, 160, 550, 452, 136, 13.66%, 0, 0, 2, 0.00, 47373, 1987, 0, 0
1188, 0, 160, 550, 452, 136, 13.66%, 0, 0, 2, 0.00, 47373, 1987, 0, 0
1188, 0, 160, 550, 452, 136, 13.66%, 0, 0, 2, 0.00, 47373, 1987, 0, 0
