# relative_time, cycles_done, cur_item, corpus_count, pending_total, pending_favs, map_size, saved_crashes, saved_hangs, max_depth, execs_per_sec, total_execs, edges_found, total_crashes, servers_count
61, 0, 2, 673, 269, 73, 23.40%, 0, 0, 2, 53.86, 7258, 766, 0, 0
66, 0, 2, 678, 274, 73, 23.40%, 0, 0, 2, 52.41, 7517, 766, 0, 0
71, 0, 2, 681, 277, 73, 23.40%, 0, 0, 2, 52.48, 7772, 766, 0, 0
76, 0, 2, 683, 279, 73, 23.62%, 0, 0, 2, 54.94, 8055, 773, 0, 0
81, 0, 548, 688, 280, 78, 23.71%, 0, 0, 2, 46.54, 8236, 776, 0, 0
87, 0, 548, 692, 284, 78, 23.77%, 0, 0, 2, 29.59, 8350, 778, 0, 0
92, 0, 548, 693, 285, 78, 23.80%, 0, 0, 2, 23.93, 8462, 779, 0, 0
97, 0, 548, 693, 285, 78, 23.80%, 0, 0, 2, 24.30, 8581, 779, 0, 0
102, 0, 548, 694, 286, 78, 23.83%, 0, 0, 2, 23.38, 8700, 780, 0, 0
107, 0, 548, 695, 287, 78, 23.86%, 0, 0, 2, 23.82, 8821, 781, 0, 0
112, 0, 548, 697, 289, 78, 23.89%, 0, 0, 2, 24.93, 8953, 782, 0, 0
117, 0, 548, 697, 289, 78, 23.89%, 0, 0, 2, 27.59, 9090, 782, 0, 0
122, 0, 548, 697, 289, 78, 23.89%, 0, 0, 2, 32.36, 9265, 782, 0, 0
127, 0, 548, 700, 292, 78, 23.98%, 0, 0, 2, 24.67, 9372, 785, 0, 0
132, 0, 548, 700, 292, 78, 23.98%, 0, 0, 2, 22.44, 9483, 785, 0, 0
137, 0, 548, 700, 292, 78, 23.98%, 0, 0, 2, 25.48, 9618, 785, 0, 0
142, 0, 548, 702, 294, 78, 24.01%, 0, 0, 2, 26.29, 9752, 786, 0, 0
147, 0, 548, 704, 296, 78, 24.01%, 0, 0, 2, 49.35, 9997, 786, 0, 0
153, 0, 548, 704, 296, 78, 24.01%, 0, 0, 2, 61.85, 10333, 786, 0, 0
158, 0, 548, 704, 296, 78, 24.01%, 0, 0, 2, 64.35, 10671, 786, 0, 0
163, 0, 548, 704, 296, 78, 24.01%, 0, 0, 2, 64.63, 11007, 786, 0, 0
168, 0, 548, 704, 296, 78, 24.01%, 0, 0, 2, 59.98, 11315, 786, 0, 0
173, 0, 548, 706, 298, 78, 24.01%, 0, 0, 2, 35.84, 11458, 786, 0, 0
178, 0, 548, 709, 301, 78, 24.01%, 0, 0, 2, 30.40, 11599, 786, 0, 0
184, 0, 548, 712, 304, 78, 24.01%, 0, 0, 2, 29.26, 11743, 786, 0, 0
189, 0, 548, 715, 307, 78, 24.01%, 0, 0, 2, 28.99, 11887, 786, 0, 0
194, 0, 548, 717, 309, 78, 24.08%, 0, 0, 2, 29.38, 12036, 788, 0, 0
199, 0, 548, 722, 314, 78, 24.08%, 0, 0, 2, 30.72, 12190, 788, 0, 0
204, 0, 548, 724, 316, 78, 24.08%, 0, 0, 2, 28.84, 12331, 788, 0, 0
209, 0, 548, 728, 320, 78, 24.14%, 0, 0, 2, 28.71, 12471, 790, 0, 0
215, 0, 548, 731, 323, 78, 24.17%, 0, 0, 2, 29.40, 12632, 791, 0, 0
220, 0, 548, 733, 325, 78, 24.17%, 0, 0, 2, 28.50, 12772, 791, 0, 0
225, 0, 548, 739, 331, 78, 24.17%, 0, 0, 2, 28.88, 12914, 791, 0, 0
230, 0, 548, 740, 332, 78, 24.17%, 0, 0, 2, 28.06, 13054, 791, 0, 0
235, 0, 548, 743, 335, 78, 24.17%, 0, 0, 2, 28.49, 13200, 791, 0, 0
240, 0, 548, 745, 337, 78, 24.20%, 0, 0, 2, 29.82, 13349, 792, 0, 0
245, 0, 548, 748, 340, 78, 24.23%, 0, 0, 2, 28.63, 13482, 793, 0, 0
250, 0, 548, 751, 343, 78, 24.23%, 0, 0, 2, 28.74, 13624, 793, 0, 0
255, 0, 548, 752, 344, 78, 24.23%, 0, 0, 2, 29.13, 13769, 793, 0, 0
260, 0, 548, 755, 347, 78, 24.23%, 0, 0, 2, 29.03, 13911, 793, 0, 0
265, 0, 548, 757, 349, 78, 24.23%, 0, 0, 2, 29.28, 14064, 793, 0, 0
270, 0, 548, 758, 350, 78, 24.23%, 0, 0, 2, 29.17, 14211, 793, 0, 0
276, 0, 548, 759, 351, 78, 24.23%, 0, 0, 2, 28.33, 14355, 793, 0, 0
281, 0, 548, 762, 354, 78, 24.23%, 0, 0, 2, 30.04, 14507, 793, 0, 0
286, 0, 548, 764, 356, 78, 24.23%, 0, 0, 2, 29.21, 14650, 793, 0, 0
291, 0, 548, 765, 357, 78, 24.23%, 0, 0, 2, 28.67, 14791, 793, 0, 0
296, 0, 548, 766, 358, 78, 24.23%, 0, 0, 2, 29.64, 14942, 793, 0, 0
301, 0, 548, 768, 360, 78, 24.23%, 0, 0, 2, 29.47, 15091, 793, 0, 0
306, 0, 548, 768, 360, 78, 24.23%, 0, 0, 2, 29.49, 15243, 793, 0, 0
311, 0, 548, 768, 360, 78, 24.23%, 0, 0, 2, 29.03, 15389, 793, 0, 0
316, 0, 548, 770, 362, 78, 24.23%, 0, 0, 2, 27.60, 15518, 793, 0, 0
321, 0, 548, 771, 363, 78, 24.23%, 0, 0, 2, 29.21, 15669, 793, 0, 0
326, 0, 548, 771, 363, 78, 24.23%, 0, 0, 2, 30.53, 15824, 793, 0, 0
331, 0, 548, 771, 363, 78, 24.23%, 0, 0, 2, 29.76, 15972, 793, 0, 0
336, 0, 548, 772, 364, 78, 24.23%, 0, 0, 2, 29.47, 16124, 793, 0, 0
342, 0, 548, 772, 364, 78, 24.23%, 0, 0, 2, 29.08, 16272, 793, 0, 0
347, 0, 548, 774, 366, 78, 24.23%, 0, 0, 2, 30.37, 16428, 793, 0, 0
352, 0, 548, 775, 367, 78, 24.23%, 0, 0, 2, 29.20, 16573, 793, 0, 0
357, 0, 548, 775, 367, 78, 24.23%, 0, 0, 2, 29.38, 16723, 793, 0, 0
362, 0, 548, 777, 369, 78, 24.23%, 0, 0, 2, 29.96, 16879, 793, 0, 0
367, 0, 548, 779, 371, 78, 24.23%, 0, 0, 2, 29.58, 17029, 793, 0, 0
372, 0, 548, 780, 372, 78, 24.23%, 0, 0, 2, 30.01, 17180, 793, 0, 0
377, 0, 548, 781, 373, 78, 24.23%, 0, 0, 2, 30.02, 17335, 793, 0, 0
383, 0, 548, 782, 374, 78, 24.23%, 0, 0, 2, 28.95, 17483, 793, 0, 0
388, 0, 548, 784, 376, 78, 24.23%, 0, 0, 2, 28.55, 17623, 793, 0, 0
393, 0, 548, 786, 378, 78, 24.23%, 0, 0, 2, 29.12, 17769, 793, 0, 0
398, 0, 548, 787, 379, 78, 24.23%, 0, 0, 2, 28.69, 17915, 793, 0, 0
403, 0, 548, 788, 380, 78, 24.23%, 0, 0, 2, 29.35, 18061, 793, 0, 0
408, 0, 548, 788, 380, 78, 24.23%, 0, 0, 2, 30.08, 18217, 793, 0, 0
413, 0, 548, 788, 380, 78, 24.23%, 0, 0, 2, 29.27, 18364, 793, 0, 0
418, 0, 548, 789, 381, 78, 24.23%, 0, 0, 2, 29.55, 18513, 793, 0, 0
423, 0, 548, 789, 381, 78, 24.23%, 0, 0, 2, 29.58, 18662, 793, 0, 0
429, 0, 548, 789, 381, 78, 24.23%, 0, 0, 2, 28.37, 18805, 793, 0, 0
434, 0, 548, 790, 382, 78, 24.23%, 0, 0, 2, 28.27, 18946, 793, 0, 0
439, 0, 548, 791, 383, 78, 24.23%, 0, 0, 2, 28.70, 19093, 793, 0, 0
444, 0, 548, 791, 383, 78, 24.23%, 0, 0, 2, 29.28, 19239, 793, 0, 0
449, 0, 548, 791, 383, 78, 24.23%, 0, 0, 2, 29.23, 19382, 793, 0, 0
454, 0, 548, 792, 384, 78, 24.29%, 0, 0, 2, 28.69, 19528, 795, 0, 0
459, 0, 548, 792, 384, 78, 24.29%, 0, 0, 2, 28.95, 19679, 795, 0, 0
464, 0, 787, 792, 382, 87, 24.29%, 0, 0, 2, 30.84, 19833, 795, 0, 0
471, 0, 182, 794, 382, 85, 24.29%, 0, 0, 2, 32.44, 20060, 795, 0, 0
476, 0, 161, 795, 382, 84, 24.29%, 0, 0, 2, 34.12, 20232, 795, 0, 0
482, 0, 669, 799, 384, 82, 24.56%, 0, 0, 3, 37.87, 20438, 804, 0, 0
487, 0, 669, 817, 402, 82, 25.66%, 0, 0, 3, 38.00, 20629, 840, 0, 0
492, 0, 669, 825, 410, 82, 26.83%, 0, 0, 3, 37.90, 20821, 878, 0, 0
497, 0, 669, 840, 425, 82, 28.57%, 0, 0, 3, 38.09, 21015, 935, 0, 0
502, 0, 669, 848, 433, 82, 29.67%, 0, 0, 3, 38.01, 21213, 971, 0, 0
507, 0, 669, 848, 433, 82, 29.67%, 0, 0, 3, 38.17, 21405, 971, 0, 0
512, 0, 669, 848, 433, 82, 29.67%, 0, 0, 3, 38.10, 21597, 971, 0, 0
517, 0, 669, 849, 434, 82, 29.76%, 0, 0, 3, 38.87, 21797, 974, 0, 0
522, 0, 669, 850, 435, 82, 29.82%, 0, 0, 3, 39.67, 22000, 976, 0, 0
528, 0, 136, 850, 433, 133, 29.82%, 0, 0, 3, 36.52, 22172, 976, 0, 0
533, 0, 299, 852, 434, 132, 29.82%, 0, 0, 3, 37.07, 22355, 976, 0, 0
540, 0, 152, 853, 432, 130, 29.91%, 0, 0, 4, 38.92, 22620, 979, 0, 0
545, 0, 823, 853, 431, 129, 29.91%, 0, 0, 4, 36.21, 22793, 979, 0, 0
551, 0, 843, 853, 428, 126, 29.91%, 0, 0, 4, 37.90, 23018, 979, 0, 0
556, 0, 834, 853, 426, 124, 29.91%, 0, 0, 4, 37.94, 23202, 979, 0, 0
561, 0, 834, 854, 427, 124, 30.03%, 0, 0, 4, 37.93, 23395, 983, 0, 0
566, 0, 834, 854, 427, 124, 30.03%, 0, 0, 4, 38.12, 23587, 983, 0, 0
571, 0, 834, 854, 427, 124, 30.03%, 0, 0, 4, 38.13, 23779, 983, 0, 0
576, 0, 834, 854, 427, 124, 30.03%, 0, 0, 4, 38.21, 23971, 983, 0, 0
581, 0, 834, 854, 427, 124, 30.03%, 0, 0, 4, 38.20, 24164, 983, 0, 0
586, 0, 834, 857, 430, 124, 30.22%, 0, 0, 4, 38.40, 24363, 989, 0, 0
591, 0, 834, 857, 430, 124, 30.22%, 0, 0, 4, 37.92, 24557, 989, 0, 0
596, 0, 834, 857, 430, 124, 30.22%, 0, 0, 4, 38.29, 24751, 989, 0, 0
602, 0, 797, 858, 428, 124, 30.40%, 0, 0, 4, 39.71, 24967, 995, 0, 0
607, 0, 699, 858, 426, 123, 30.40%, 0, 0, 4, 38.04, 25135, 995, 0, 0
612, 0, 798, 858, 425, 122, 30.40%, 0, 0, 4, 31.50, 25282, 995, 0, 0
617, 0, 267, 859, 424, 120, 30.40%, 0, 0, 4, 35.39, 25466, 995, 0, 0
622, 0, 821, 860, 424, 119, 30.49%, 0, 0, 4, 36.92, 25662, 998, 0, 0
627, 0, 821, 860, 424, 119, 30.49%, 0, 0, 4, 37.81, 25854, 998, 0, 0
633, 0, 821, 860, 424, 119, 30.49%, 0, 0, 4, 38.12, 26046, 998, 0, 0
638, 0, 821, 860, 424, 119, 30.49%, 0, 0, 4, 38.21, 26238, 998, 0, 0
643, 0, 821, 860, 424, 119, 30.49%, 0, 0, 4, 38.23, 26430, 998, 0, 0
648, 0, 821, 861, 425, 119, 30.52%, 0, 0, 4, 38.75, 26624, 999, 0, 0
653, 0, 729, 865, 427, 119, 30.64%, 0, 0, 4, 39.01, 26821, 1003, 0, 0
658, 0, 729, 868, 430, 119, 30.80%, 0, 0, 4, 38.48, 27014, 1008, 0, 0
663, 0, 729, 873, 435, 119, 30.98%, 0, 0, 4, 38.34, 27210, 1014, 0, 0
668, 0, 729, 879, 441, 119, 31.19%, 0, 0, 4, 37.58, 27401, 1021, 0, 0
673, 0, 729, 879, 441, 119, 31.19%, 0, 0, 4, 37.96, 27593, 1021, 0, 0
678, 0, 729, 879, 441, 119, 31.19%, 0, 0, 4, 38.08, 27785, 1021, 0, 0
683, 0, 729, 880, 442, 119, 31.23%, 0, 0, 4, 37.63, 27978, 1022, 0, 0
688, 0, 729, 882, 444, 119, 31.29%, 0, 0, 4, 37.26, 28168, 1024, 0, 0
693, 0, 729, 883, 445, 119, 31.44%, 0, 0, 4, 38.20, 28366, 1029, 0, 0
699, 0, 729, 885, 447, 119, 31.47%, 0, 0, 4, 37.95, 28561, 1030, 0, 0
704, 0, 729, 886, 448, 119, 31.50%, 0, 0, 4, 37.82, 28758, 1031, 0, 0
709, 0, 729, 887, 449, 119, 31.68%, 0, 0, 4, 37.34, 28949, 1037, 0, 0
714, 0, 729, 889, 451, 119, 31.81%, 0, 0, 4, 37.32, 29138, 1041, 0, 0
719, 0, 729, 889, 451, 119, 31.81%, 0, 0, 4, 37.93, 29332, 1041, 0, 0
724, 0, 729, 889, 451, 119, 31.81%, 0, 0, 4, 38.07, 29528, 1041, 0, 0
729, 0, 729, 889, 451, 119, 31.81%, 0, 0, 4, 38.36, 29727, 1041, 0, 0
735, 0, 729, 890, 452, 119, 31.81%, 0, 0, 4, 37.72, 29921, 1041, 0, 0
740, 0, 729, 890, 452, 119, 31.81%, 0, 0, 4, 37.86, 30115, 1041, 0, 0
745, 0, 729, 891, 453, 119, 31.84%, 0, 0, 4, 37.25, 30305, 1042, 0, 0
750, 0, 729, 892, 454, 119, 31.87%, 0, 0, 4, 37.38, 30498, 1043, 0, 0
755, 0, 729, 893, 455, 119, 31.96%, 0, 0, 4, 38.20, 30697, 1046, 0, 0
760, 0, 729, 894, 456, 119, 32.08%, 0, 0, 4, 38.18, 30894, 1050, 0, 0
766, 0, 729, 894, 456, 119, 32.08%, 0, 0, 4, 38.19, 31090, 1050, 0, 0
771, 0, 729, 894, 456, 119, 32.08%, 0, 0, 4, 37.88, 31284, 1050, 0, 0
776, 0, 729, 895, 457, 119, 32.33%, 0, 0, 4, 38.10, 31479, 1058, 0, 0
781, 0, 729, 895, 457, 119, 32.33%, 0, 0, 4, 38.90, 31681, 1058, 0, 0
786, 0, 729, 895, 457, 119, 32.33%, 0, 0, 4, 37.59, 31872, 1058, 0, 0
791, 0, 729, 895, 457, 119, 32.33%, 0, 0, 4, 38.43, 32067, 1058, 0, 0
796, 0, 729, 895, 457, 119, 32.33%, 0, 0, 4, 38.28, 32263, 1058, 0, 0
801, 0, 729, 896, 458, 119, 32.33%, 0, 0, 4, 38.26, 32459, 1058, 0, 0
807, 0, 729, 896, 458, 119, 32.33%, 0, 0, 4, 38.33, 32655, 1058, 0, 0
812, 0, 729, 897, 459, 119, 32.33%, 0, 0, 4, 37.91, 32843, 1058, 0, 0
817, 0, 729, 898, 460, 119, 32.45%, 0, 0, 4, 38.16, 33035, 1062, 0, 0
822, 0, 729, 900, 462, 119, 32.48%, 0, 0, 4, 37.27, 33222, 1063, 0, 0
827, 0, 729, 900, 462, 119, 32.48%, 0, 0, 4, 38.11, 33418, 1063, 0, 0
832, 0, 729, 900, 462, 119, 32.48%, 0, 0, 4, 38.14, 33614, 1063, 0, 0
837, 0, 729, 900, 462, 119, 32.48%, 0, 0, 4, 37.44, 33804, 1063, 0, 0
842, 0, 729, 900, 462, 119, 32.48%, 0, 0, 4, 37.65, 33997, 1063, 0, 0
847, 0, 729, 900, 462, 119, 32.48%, 0, 0, 4, 37.88, 34191, 1063, 0, 0
852, 0, 729, 900, 462, 119, 32.48%, 0, 0, 4, 37.24, 34379, 1063, 0, 0
857, 0, 729, 901, 463, 119, 32.57%, 0, 0, 4, 37.83, 34573, 1066, 0, 0
863, 0, 729, 902, 464, 119, 32.57%, 0, 0, 4, 37.28, 34767, 1066, 0, 0
868, 0, 729, 902, 464, 119, 32.57%, 0, 0, 4, 37.28, 34960, 1066, 0, 0
873, 0, 729, 903, 465, 119, 32.66%, 0, 0, 4, 38.36, 35156, 1069, 0, 0
878, 0, 729, 903, 465, 119, 32.66%, 0, 0, 4, 37.40, 35343, 1069, 0, 0
883, 0, 729, 904, 466, 119, 32.75%, 0, 0, 4, 37.14, 35524, 1072, 0, 0
886, 0, 729, 904, 466, 119, 32.75%, 0, 0, 4, 37.92, 35651, 1072, 0, 0
948, 0, 929, 964, 523, 31, 32.81%, 0, 0, 4, 36.97, 37759, 1074, 0, 0
953, 0, 929, 964, 523, 31, 32.81%, 0, 0, 4, 37.29, 37949, 1074, 0, 0
958, 0, 929, 965, 524, 31, 32.81%, 0, 0, 4, 37.31, 38140, 1074, 0, 0
963, 0, 929, 965, 524, 31, 32.81%, 0, 0, 4, 36.90, 38328, 1074, 0, 0
968, 0, 929, 965, 524, 31, 32.81%, 0, 0, 4, 37.00, 38517, 1074, 0, 0
974, 0, 929, 965, 524, 31, 32.81%, 0, 0, 4, 36.84, 38707, 1074, 0, 0
979, 0, 929, 966, 525, 31, 32.81%, 0, 0, 4, 36.69, 38897, 1074, 0, 0
984, 0, 929, 966, 525, 31, 32.81%, 0, 0, 4, 37.11, 39091, 1074, 0, 0
989, 0, 929, 966, 525, 31, 32.81%, 0, 0, 4, 36.49, 39280, 1074, 0, 0
994, 0, 929, 966, 525, 31, 32.81%, 0, 0, 4, 36.51, 39469, 1074, 0, 0
999, 0, 929, 966, 525, 31, 32.81%, 0, 0, 4, 36.34, 39654, 1074, 0, 0
1004, 0, 929, 966, 525, 31, 32.81%, 0, 0, 4, 36.36, 39837, 1074, 0, 0
1010, 0, 929, 968, 527, 31, 32.81%, 0, 0, 4, 36.63, 40026, 1074, 0, 0
1015, 0, 929, 968, 527, 31, 32.81%, 0, 0, 4, 36.57, 40216, 1074, 0, 0
1020, 0, 929, 969, 528, 31, 32.81%, 0, 0, 4, 36.89, 40407, 1074, 0, 0
1025, 0, 929, 971, 530, 31, 32.81%, 0, 0, 4, 36.84, 40591, 1074, 0, 0
1030, 0, 929, 971, 530, 31, 32.81%, 0, 0, 4, 36.97, 40781, 1074, 0, 0
1035, 0, 929, 971, 530, 31, 32.81%, 0, 0, 4, 36.52, 40955, 1074, 0, 0
1040, 0, 929, 971, 530, 31, 32.81%, 0, 0, 4, 37.01, 41145, 1074, 0, 0
1040, 0, 929, 971, 530, 31, 32.81%, 0, 0, 4, 36.32, 41147, 1074, 0, 0
1101, 0, 939, 1011, 570, 31, 33.73%, 0, 0, 4, 19.08, 42449, 1104, 0, 0
1106, 0, 939, 1011, 570, 31, 33.73%, 0, 0, 4, 19.57, 42548, 1104, 0, 0
1111, 0, 939, 1011, 570, 31, 33.73%, 0, 0, 4, 20.08, 42654, 1104, 0, 0
1116, 0, 939, 1012, 571, 31, 33.73%, 0, 0, 4, 19.35, 42750, 1104, 0, 0
1122, 0, 939, 1012, 571, 31, 33.73%, 0, 0, 4, 20.11, 42855, 1104, 0, 0
1127, 0, 939, 1012, 571, 31, 33.73%, 0, 0, 4, 19.38, 42953, 1104, 0, 0
1132, 0, 939, 1012, 571, 31, 33.73%, 0, 0, 4, 19.10, 43052, 1104, 0, 0
1137, 0, 939, 1012, 571, 31, 33.73%, 0, 0, 4, 19.48, 43152, 1104, 0, 0
1142, 0, 939, 1012, 571, 31, 33.73%, 0, 0, 4, 19.56, 43251, 1104, 0, 0
1147, 0, 939, 1012, 571, 31, 33.73%, 0, 0, 4, 19.28, 43347, 1104, 0, 0
1152, 0, 939, 1012, 571, 31, 33.73%, 0, 0, 4, 19.50, 43450, 1104, 0, 0
1157, 0, 939, 1013, 572, 31, 33.73%, 0, 0, 4, 19.47, 43547, 1104, 0, 0
1163, 0, 939, 1013, 572, 31, 33.73%, 0, 0, 4, 19.33, 43646, 1104, 0, 0
1168, 0, 939, 1013, 572, 31, 33.73%, 0, 0, 4, 19.65, 43745, 1104, 0, 0
1173, 0, 939, 1013, 572, 31, 33.73%, 0, 0, 4, 19.55, 43843, 1104, 0, 0
1178, 0, 939, 1013, 572, 31, 33.73%, 0, 0, 4, 19.15, 43939, 1104, 0, 0
1183, 0, 939, 1013, 572, 31, 33.73%, 0, 0, 4, 19.96, 44040, 1104, 0, 0
1188, 0, 939, 1013, 572, 31, 33.73%, 0, 0, 4, 19.96, 44141, 1104, 0, 0
1193, 0, 939, 1013, 572, 31, 33.73%, 0, 0, 4, 19.41, 44238, 1104, 0, 0
1198, 0, 939, 1013, 572, 31, 33.73%, 0, 0, 4, 19.62, 44337, 1104, 0, 0
1203, 0, 939, 1013, 572, 31, 33.73%, 0, 0, 4, 20.36, 44439, 1104, 0, 0
1209, 0, 939, 1013, 572, 31, 33.73%, 0, 0, 4, 19.71, 44539, 1104, 0, 0
1214, 0, 939, 1014, 573, 31, 33.73%, 0, 0, 4, 19.43, 44636, 1104, 0, 0
1219, 0, 939, 1014, 573, 31, 33.73%, 0, 0, 4, 18.45, 44728, 1104, 0, 0
1224, 0, 939, 1014, 573, 31, 33.73%, 0, 0, 4, 19.55, 44829, 1104, 0, 0
1229, 0, 939, 1014, 573, 31, 33.73%, 0, 0, 4, 19.60, 44929, 1104, 0, 0
1234, 0, 939, 1014, 573, 31, 33.73%, 0, 0, 4, 19.68, 45032, 1104, 0, 0
1239, 0, 939, 1014, 573, 31, 33.73%, 0, 0, 4, 19.83, 45131, 1104, 0, 0
1245, 0, 939, 1015, 574, 31, 33.73%, 0, 0, 4, 18.29, 45227, 1104, 0, 0
1250, 0, 939, 1015, 574, 31, 33.73%, 0, 0, 4, 18.71, 45324, 1104, 0, 0
1255, 0, 939, 1015, 574, 31, 33.73%, 0, 0, 4, 18.53, 45417, 1104, 0, 0
1260, 0, 939, 1015, 574, 31, 33.73%, 0, 0, 4, 19.30, 45515, 1104, 0, 0
1265, 0, 939, 1015, 574, 31, 33.73%, 0, 0, 4, 18.92, 45612, 1104, 0, 0
1270, 0, 939, 1015, 574, 31, 33.73%, 0, 0, 4, 19.27, 45708, 1104, 0, 0
1276, 0, 939, 1015, 574, 31, 33.73%, 0, 0, 4, 19.73, 45805, 1104, 0, 0
1281, 0, 939, 1015, 574, 31, 33.73%, 0, 0, 4, 19.97, 45908, 1104, 0, 0
1286, 0, 939, 1016, 575, 31, 33.73%, 0, 0, 4, 19.92, 46010, 1104, 0, 0
1291, 0, 939, 1016, 575, 31, 33.73%, 0, 0, 4, 19.49, 46112, 1104, 0, 0
1296, 0, 939, 1016, 575, 31, 33.73%, 0, 0, 4, 19.96, 46217, 1104, 0, 0
1301, 0, 939, 1016, 575, 31, 33.73%, 0, 0, 4, 18.44, 46307, 1104, 0, 0
1306, 0, 939, 1016, 575, 31, 33.73%, 0, 0, 4, 18.64, 46403, 1104, 0, 0
1312, 0, 939, 1016, 575, 31, 33.73%, 0, 0, 4, 19.37, 46506, 1104, 0, 0
1317, 0, 939, 1016, 575, 31, 33.73%, 0, 0, 4, 19.66, 46605, 1104, 0, 0
1322, 0, 939, 1016, 575, 31, 33.73%, 0, 0, 4, 19.24, 46702, 1104, 0, 0
1327, 0, 939, 1016, 575, 31, 33.73%, 0, 0, 4, 19.48, 46803, 1104, 0, 0
1332, 0, 939, 1016, 575, 31, 33.73%, 0, 0, 4, 20.20, 46909, 1104, 0, 0
1337, 0, 939, 1016, 575, 31, 33.73%, 0, 0, 4, 19.22, 47006, 1104, 0, 0
1342, 0, 939, 1016, 575, 31, 33.73%, 0, 0, 4, 19.88, 47106, 1104, 0, 0
1347, 0, 939, 1016, 575, 31, 33.73%, 0, 0, 4, 18.76, 47200, 1104, 0, 0
1352, 0, 939, 1017, 576, 31, 33.73%, 0, 0, 4, 19.26, 47296, 1104, 0, 0
1357, 0, 939, 1017, 576, 31, 33.73%, 0, 0, 4, 19.44, 47397, 1104, 0, 0
1363, 0, 939, 1017, 576, 31, 33.73%, 0, 0, 4, 19.90, 47499, 1104, 0, 0
1368, 0, 939, 1018, 577, 31, 33.73%, 0, 0, 4, 18.85, 47592, 1104, 0, 0
1373, 0, 939, 1018, 577, 31, 33.73%, 0, 0, 4, 20.31, 47699, 1104, 0, 0
1378, 0, 939, 1018, 577, 31, 33.73%, 0, 0, 4, 19.88, 47799, 1104, 0, 0
1383, 0, 939, 1018, 577, 31, 33.73%, 0, 0, 4, 19.74, 47897, 1104, 0, 0
1388, 0, 939, 1019, 578, 31, 33.73%, 0, 0, 4, 18.94, 47988, 1104, 0, 0
1393, 0, 939, 1020, 579, 31, 33.73%, 0, 0, 4, 19.36, 48089, 1104, 0, 0
1398, 0, 939, 1020, 579, 31, 33.73%, 0, 0, 4, 19.75, 48190, 1104, 0, 0
1403, 0, 939, 1021, 580, 31, 33.73%, 0, 0, 4, 19.64, 48288, 1104, 0, 0
1408, 0, 939, 1021, 580, 31, 33.73%, 0, 0, 4, 19.83, 48388, 1104, 0, 0
1413, 0, 939, 1021, 580, 31, 33.73%, 0, 0, 4, 19.70, 48487, 1104, 0, 0
1419, 0, 939, 1021, 580, 31, 33.73%, 0, 0, 4, 19.52, 48588, 1104, 0, 0
1424, 0, 939, 1021, 580, 31, 33.73%, 0, 0, 4, 20.04, 48689, 1104, 0, 0
1429, 0, 939, 1022, 581, 31, 33.73%, 0, 0, 4, 19.50, 48782, 1104, 0, 0
1434, 0, 939, 1022, 581, 31, 33.73%, 0, 0, 4, 19.51, 48881, 1104, 0, 0
1439, 0, 939, 1022, 581, 31, 33.73%, 0, 0, 4, 19.90, 48981, 1104, 0, 0
1444, 0, 971, 1022, 580, 36, 33.73%, 0, 0, 4, 18.64, 49070, 1104, 0, 0
1449, 0, 971, 1022, 580, 36, 33.73%, 0, 0, 4, 17.76, 49159, 1104, 0, 0
1454, 0, 1006, 1023, 580, 35, 33.73%, 0, 0, 4, 18.67, 49259, 1104, 0, 0
1459, 0, 1006, 1025, 582, 35, 33.73%, 0, 0, 4, 27.56, 49426, 1104, 0, 0
1464, 0, 1006, 1026, 583, 35, 33.73%, 0, 0, 4, 32.79, 49599, 1104, 0, 0
1470, 0, 1006, 1026, 583, 35, 33.73%, 0, 0, 4, 33.83, 49774, 1104, 0, 0
1475, 0, 1006, 1027, 584, 35, 33.73%, 0, 0, 4, 34.04, 49947, 1104, 0, 0
1480, 0, 1006, 1027, 584, 35, 33.73%, 0, 0, 4, 33.77, 50122, 1104, 0, 0
1485, 0, 1006, 1027, 584, 35, 33.73%, 0, 0, 4, 34.13, 50293, 1104, 0, 0
1490, 0, 1006, 1027, 584, 35, 33.73%, 0, 0, 4, 34.38, 50472, 1104, 0, 0
1495, 0, 1006, 1027, 584, 35, 33.73%, 0, 0, 4, 35.05, 50655, 1104, 0, 0
1500, 0, 1006, 1027, 584, 35, 33.73%, 0, 0, 4, 34.46, 50832, 1104, 0, 0
1505, 0, 1006, 1027, 584, 35, 33.73%, 0, 0, 4, 34.72, 51006, 1104, 0, 0
1510, 0, 1006, 1028, 585, 35, 33.73%, 0, 0, 4, 33.88, 51158, 1104, 0, 0
1516, 0, 1006, 1028, 585, 35, 33.73%, 0, 0, 4, 34.47, 51338, 1104, 0, 0
1521, 0, 1006, 1028, 585, 35, 33.73%, 0, 0, 4, 34.00, 51510, 1104, 0, 0
1526, 0, 1006, 1028, 585, 35, 33.73%, 0, 0, 4, 34.81, 51693, 1104, 0, 0
1531, 0, 1006, 1028, 585, 35, 33.73%, 0, 0, 4, 34.63, 51873, 1104, 0, 0
1536, 0, 1006, 1028, 585, 35, 33.73%, 0, 0, 4, 34.33, 52051, 1104, 0, 0
1541, 0, 1006, 1028, 585, 35, 33.73%, 0, 0, 4, 34.52, 52226, 1104, 0, 0
1547, 0, 1006, 1028, 585, 35, 33.73%, 0, 0, 4, 35.07, 52407, 1104, 0, 0
1552, 0, 1006, 1029, 586, 35, 33.73%, 0, 0, 4, 34.11, 52577, 1104, 0, 0
1557, 0, 1006, 1029, 586, 35, 33.73%, 0, 0, 4, 35.09, 52758, 1104, 0, 0
1562, 0, 1006, 1029, 586, 35, 33.73%, 0, 0, 4, 34.92, 52925, 1104, 0, 0
1567, 0, 1006, 1029, 586, 35, 33.73%, 0, 0, 4, 34.60, 53102, 1104, 0, 0
1572, 0, 1006, 1029, 586, 35, 33.73%, 0, 0, 4, 34.61, 53281, 1104, 0, 0
1577, 0, 1006, 1029, 586, 35, 33.73%, 0, 0, 4, 34.08, 53458, 1104, 0, 0
1582, 0, 1006, 1029, 586, 35, 33.73%, 0, 0, 4, 34.87, 53640, 1104, 0, 0
1588, 0, 1006, 1029, 586, 35, 33.73%, 0, 0, 4, 35.01, 53821, 1104, 0, 0
1593, 0, 1006, 1029, 586, 35, 33.73%, 0, 0, 4, 34.41, 54000, 1104, 0, 0
1598, 0, 1006, 1029, 586, 35, 33.73%, 0, 0, 4, 34.92, 54181, 1104, 0, 0
1603, 0, 1006, 1029, 586, 35, 33.73%, 0, 0, 4, 34.98, 54360, 1104, 0, 0
1608, 0, 1006, 1029, 586, 35, 33.73%, 0, 0, 4, 34.68, 54537, 1104, 0, 0
1613, 0, 1006, 1031, 588, 35, 33.76%, 0, 0, 4, 34.80, 54712, 1105, 0, 0
1618, 0, 1006, 1031, 588, 35, 33.76%, 0, 0, 4, 35.67, 54894, 1105, 0, 0
1624, 0, 1006, 1031, 588, 35, 33.76%, 0, 0, 4, 34.70, 55072, 1105, 0, 0
1629, 0, 1006, 1031, 588, 35, 33.76%, 0, 0, 4, 34.62, 55250, 1105, 0, 0
1634, 0, 1006, 1031, 588, 35, 33.76%, 0, 0, 4, 33.94, 55425, 1105, 0, 0
1639, 0, 1006, 1031, 588, 35, 33.76%, 0, 0, 4, 35.03, 55605, 1105, 0, 0
1644, 0, 1006, 1031, 588, 35, 33.76%, 0, 0, 4, 35.03, 55787, 1105, 0, 0
1649, 0, 1006, 1031, 588, 35, 33.76%, 0, 0, 4, 35.08, 55968, 1105, 0, 0
1654, 0, 1006, 1031, 588, 35, 33.76%, 0, 0, 4, 34.68, 56146, 1105, 0, 0
1660, 0, 1006, 1031, 588, 35, 33.76%, 0, 0, 4, 34.24, 56319, 1105, 0, 0
1665, 0, 1006, 1031, 588, 35, 33.76%, 0, 0, 4, 34.47, 56498, 1105, 0, 0
1670, 0, 1006, 1031, 588, 35, 33.76%, 0, 0, 4, 34.43, 56676, 1105, 0, 0
1675, 0, 1006, 1031, 588, 35, 33.76%, 0, 0, 4, 34.23, 56853, 1105, 0, 0
1680, 0, 1006, 1031, 588, 35, 33.76%, 0, 0, 4, 35.06, 57031, 1105, 0, 0
1685, 0, 1006, 1031, 588, 35, 33.76%, 0, 0, 4, 35.43, 57211, 1105, 0, 0
1690, 0, 1006, 1031, 588, 35, 33.76%, 0, 0, 4, 35.15, 57389, 1105, 0, 0
1695, 0, 1006, 1032, 589, 35, 33.76%, 0, 0, 4, 34.38, 57559, 1105, 0, 0
1700, 0, 1006, 1032, 589, 35, 33.76%, 0, 0, 4, 34.76, 57737, 1105, 0, 0
1705, 0, 1006, 1032, 589, 35, 33.76%, 0, 0, 4, 34.61, 57916, 1105, 0, 0
1711, 0, 1006, 1032, 589, 35, 33.76%, 0, 0, 4, 35.19, 58093, 1105, 0, 0
1716, 0, 1006, 1032, 589, 35, 33.76%, 0, 0, 4, 35.22, 58270, 1105, 0, 0
1721, 0, 1006, 1032, 589, 35, 33.76%, 0, 0, 4, 31.90, 58438, 1105, 0, 0
1726, 0, 1006, 1032, 589, 35, 33.76%, 0, 0, 4, 29.29, 58581, 1105, 0, 0
1731, 0, 1006, 1032, 589, 35, 33.76%, 0, 0, 4, 28.72, 58725, 1105, 0, 0
1736, 0, 1006, 1032, 589, 35, 33.76%, 0, 0, 4, 28.65, 58874, 1105, 0, 0
1741, 0, 1006, 1032, 589, 35, 33.76%, 0, 0, 4, 28.00, 59016, 1105, 0, 0
1746, 0, 1006, 1032, 589, 35, 33.76%, 0, 0, 4, 29.87, 59174, 1105, 0, 0
1751, 0, 1006, 1032, 589, 35, 33.76%, 0, 0, 4, 28.08, 59316, 1105, 0, 0
1756, 0, 1006, 1032, 589, 35, 33.76%, 0, 0, 4, 28.34, 59457, 1105, 0, 0
1761, 0, 1006, 1032, 589, 35, 33.76%, 0, 0, 4, 28.72, 59603, 1105, 0, 0
1767, 0, 1006, 1032, 589, 35, 33.76%, 0, 0, 4, 30.08, 59757, 1105, 0, 0
1772, 0, 1006, 1032, 589, 35, 33.76%, 0, 0, 4, 29.60, 59908, 1105, 0, 0
1777, 0, 1006, 1033, 590, 35, 33.76%, 0, 0, 4, 28.58, 60055, 1105, 0, 0
1783, 0, 1006, 1034, 591, 35, 33.76%, 0, 0, 4, 28.22, 60213, 1105, 0, 0
1788, 0, 1006, 1034, 591, 35, 33.76%, 0, 0, 4, 28.51, 60363, 1105, 0, 0
1793, 0, 1006, 1034, 591, 35, 33.76%, 0, 0, 4, 29.36, 60511, 1105, 0, 0
1798, 0, 1006, 1034, 591, 35, 33.76%, 0, 0, 4, 33.70, 60689, 1105, 0, 0
1803, 0, 1006, 1034, 591, 35, 33.76%, 0, 0, 4, 33.99, 60867, 1105, 0, 0
1808, 0, 1006, 1034, 591, 35, 33.76%, 0, 0, 4, 35.02, 61045, 1105, 0, 0
1813, 0, 1006, 1034, 591, 35, 33.76%, 0, 0, 4, 35.12, 61224, 1105, 0, 0
1818, 0, 1006, 1034, 591, 35, 33.76%, 0, 0, 4, 35.37, 61405, 1105, 0, 0
1824, 0, 1006, 1034, 591, 35, 33.76%, 0, 0, 4, 34.39, 61579, 1105, 0, 0
1829, 0, 1006, 1034, 591, 35, 33.76%, 0, 0, 4, 34.75, 61758, 1105, 0, 0
1834, 0, 1006, 1034, 591, 35, 33.76%, 0, 0, 4, 34.44, 61934, 1105, 0, 0
1839, 0, 1006, 1034, 591, 35, 33.76%, 0, 0, 4, 34.93, 62114, 1105, 0, 0
1844, 0, 972, 1035, 591, 35, 33.76%, 0, 0, 4, 34.72, 62299, 1105, 0, 0
1849, 0, 972, 1035, 591, 35, 33.76%, 0, 0, 4, 34.84, 62475, 1105, 0, 0
1854, 0, 972, 1036, 592, 35, 33.76%, 0, 0, 4, 35.34, 62656, 1105, 0, 0
1859, 0, 972, 1036, 592, 35, 33.76%, 0, 0, 4, 35.50, 62833, 1105, 0, 0
1865, 0, 972, 1036, 592, 35, 33.76%, 0, 0, 4, 35.80, 63015, 1105, 0, 0
1870, 0, 972, 1036, 592, 35, 33.76%, 0, 0, 4, 37.22, 63207, 1105, 0, 0
1875, 0, 972, 1036, 592, 35, 33.76%, 0, 0, 4, 36.43, 63390, 1105, 0, 0
1880, 0, 972, 1036, 592, 35, 33.76%, 0, 0, 4, 35.54, 63567, 1105, 0, 0
1885, 0, 972, 1036, 592, 35, 33.76%, 0, 0, 4, 35.92, 63751, 1105, 0, 0
1890, 0, 974, 1036, 591, 35, 33.76%, 0, 0, 4, 35.77, 63932, 1105, 0, 0
1895, 0, 974, 1036, 591, 35, 33.76%, 0, 0, 4, 38.04, 64128, 1105, 0, 0
1900, 0, 974, 1037, 592, 35, 33.76%, 0, 0, 4, 38.52, 64326, 1105, 0, 0
1905, 0, 974, 1037, 592, 35, 33.76%, 0, 0, 4, 38.72, 64522, 1105, 0, 0
1911, 0, 974, 1037, 592, 35, 33.76%, 0, 0, 4, 38.67, 64720, 1105, 0, 0
1916, 0, 975, 1037, 591, 35, 33.76%, 0, 0, 4, 38.66, 64904, 1105, 0, 0
1921, 0, 975, 1037, 591, 35, 33.76%, 0, 0, 4, 39.20, 65103, 1105, 0, 0
1926, 0, 1027, 1038, 591, 34, 33.76%, 0, 0, 4, 35.18, 65237, 1105, 0, 0
1931, 0, 977, 1039, 591, 34, 33.76%, 0, 0, 4, 28.74, 65370, 1105, 0, 0
1936, 0, 977, 1039, 591, 34, 33.76%, 0, 0, 4, 34.12, 65553, 1105, 0, 0
1942, 0, 977, 1040, 592, 34, 33.76%, 0, 0, 4, 36.32, 65748, 1105, 0, 0
1947, 0, 977, 1040, 592, 34, 33.76%, 0, 0, 4, 36.22, 65935, 1105, 0, 0
1952, 0, 977, 1041, 593, 34, 33.76%, 0, 0, 4, 35.96, 66115, 1105, 0, 0
1957, 0, 977, 1041, 593, 34, 33.76%, 0, 0, 4, 36.82, 66305, 1105, 0, 0
1962, 0, 977, 1043, 595, 34, 33.76%, 0, 0, 4, 35.82, 66483, 1105, 0, 0
1967, 0, 977, 1043, 595, 34, 33.76%, 0, 0, 4, 36.52, 66673, 1105, 0, 0
1972, 0, 977, 1043, 595, 34, 33.76%, 0, 0, 4, 33.18, 66843, 1105, 0, 0
1977, 0, 977, 1043, 595, 34, 33.76%, 0, 0, 4, 30.76, 66996, 1105, 0, 0
1983, 0, 977, 1043, 595, 34, 33.76%, 0, 0, 4, 30.63, 67153, 1105, 0, 0
1988, 0, 977, 1043, 595, 34, 33.76%, 0, 0, 4, 30.04, 67308, 1105, 0, 0
1993, 0, 977, 1043, 595, 34, 33.76%, 0, 0, 4, 29.88, 67460, 1105, 0, 0
1998, 0, 977, 1043, 595, 34, 33.76%, 0, 0, 4, 33.04, 67631, 1105, 0, 0
2003, 0, 977, 1043, 595, 34, 33.76%, 0, 0, 4, 33.97, 67806, 1105, 0, 0
2008, 0, 977, 1043, 595, 34, 33.76%, 0, 0, 4, 34.38, 67981, 1105, 0, 0
2013, 0, 977, 1043, 595, 34, 33.76%, 0, 0, 4, 33.44, 68152, 1105, 0, 0
2018, 0, 977, 1043, 595, 34, 33.76%, 0, 0, 4, 33.37, 68323, 1105, 0, 0
2023, 0, 977, 1043, 595, 34, 33.76%, 0, 0, 4, 34.21, 68499, 1105, 0, 0
2029, 0, 977, 1044, 596, 34, 33.76%, 0, 0, 4, 33.47, 68670, 1105, 0, 0
2034, 0, 977, 1044, 596, 34, 33.76%, 0, 0, 4, 31.54, 68831, 1105, 0, 0
2039, 0, 977, 1044, 596, 34, 33.76%, 0, 0, 4, 30.19, 68986, 1105, 0, 0
2044, 0, 977, 1044, 596, 34, 33.76%, 0, 0, 4, 29.27, 69136, 1105, 0, 0
2049, 0, 977, 1044, 596, 34, 33.76%, 0, 0, 4, 28.66, 69279, 1105, 0, 0
2054, 0, 977, 1044, 596, 34, 33.76%, 0, 0, 4, 31.46, 69438, 1105, 0, 0
2059, 0, 977, 1044, 596, 34, 33.76%, 0, 0, 4, 33.28, 69610, 1105, 0, 0
2064, 0, 977, 1044, 596, 34, 33.76%, 0, 0, 4, 33.78, 69785, 1105, 0, 0
2069, 0, 977, 1045, 597, 34, 33.76%, 0, 0, 4, 33.72, 69956, 1105, 0, 0
2075, 0, 977, 1045, 597, 34, 33.76%, 0, 0, 4, 33.99, 70132, 1105, 0, 0
2080, 0, 977, 1045, 597, 34, 33.76%, 0, 0, 4, 32.20, 70296, 1105, 0, 0
2085, 0, 977, 1045, 597, 34, 33.76%, 0, 0, 4, 30.05, 70449, 1105, 0, 0
2090, 0, 977, 1045, 597, 34, 33.76%, 0, 0, 4, 29.82, 70604, 1105, 0, 0
2095, 0, 977, 1045, 597, 34, 33.76%, 0, 0, 4, 30.70, 70760, 1105, 0, 0
2100, 0, 977, 1045, 597, 34, 33.76%, 0, 0, 4, 30.18, 70917, 1105, 0, 0
2105, 0, 977, 1045, 597, 34, 33.76%, 0, 0, 4, 31.13, 71071, 1105, 0, 0
2111, 0, 977, 1045, 597, 34, 33.76%, 0, 0, 4, 33.52, 71246, 1105, 0, 0
2116, 0, 977, 1045, 597, 34, 33.76%, 0, 0, 4, 33.29, 71418, 1105, 0, 0
2121, 0, 977, 1045, 597, 34, 33.76%, 0, 0, 4, 33.60, 71590, 1105, 0, 0
2126, 0, 977, 1045, 597, 34, 33.76%, 0, 0, 4, 33.86, 71764, 1105, 0, 0
2131, 0, 977, 1045, 597, 34, 33.76%, 0, 0, 4, 33.84, 71937, 1105, 0, 0
2136, 0, 977, 1045, 597, 34, 33.76%, 0, 0, 4, 33.84, 72112, 1105, 0, 0
2141, 0, 977, 1045, 597, 34, 33.76%, 0, 0, 4, 33.23, 72281, 1105, 0, 0
2146, 0, 977, 1045, 597, 34, 33.76%, 0, 0, 4, 34.90, 72459, 1105, 0, 0
2152, 0, 977, 1045, 597, 34, 33.76%, 0, 0, 4, 35.72, 72642, 1105, 0, 0
2157, 0, 977, 1045, 597, 34, 33.76%, 0, 0, 4, 36.25, 72828, 1105, 0, 0
2162, 0, 977, 1045, 597, 34, 33.76%, 0, 0, 4, 36.60, 73018, 1105, 0, 0
2167, 0, 977, 1045, 597, 34, 33.76%, 0, 0, 4, 36.50, 73204, 1105, 0, 0
2172, 0, 977, 1045, 597, 34, 33.76%, 0, 0, 4, 36.58, 73392, 1105, 0, 0
2177, 0, 977, 1045, 597, 34, 33.76%, 0, 0, 4, 36.35, 73577, 1105, 0, 0
2182, 0, 977, 1046, 598, 34, 33.76%, 0, 0, 4, 35.91, 73758, 1105, 0, 0
2187, 0, 977, 1046, 598, 34, 33.76%, 0, 0, 4, 35.99, 73944, 1105, 0, 0
2192, 0, 977, 1046, 598, 34, 33.76%, 0, 0, 4, 36.25, 74129, 1105, 0, 0
2198, 0, 977, 1046, 598, 34, 33.76%, 0, 0, 4, 35.94, 74316, 1105, 0, 0
2203, 0, 977, 1046, 598, 34, 33.76%, 0, 0, 4, 36.09, 74502, 1105, 0, 0
2208, 0, 977, 1046, 598, 34, 33.76%, 0, 0, 4, 36.47, 74691, 1105, 0, 0
2213, 0, 977, 1046, 598, 34, 33.76%, 0, 0, 4, 36.41, 74878, 1105, 0, 0
2218, 0, 977, 1046, 598, 34, 33.76%, 0, 0, 4, 36.48, 75067, 1105, 0, 0
2223, 0, 977, 1047, 599, 34, 33.76%, 0, 0, 4, 36.43, 75251, 1105, 0, 0
2228, 0, 977, 1047, 599, 34, 33.76%, 0, 0, 4, 35.99, 75434, 1105, 0, 0
2233, 0, 977, 1047, 599, 34, 33.76%, 0, 0, 4, 35.63, 75617, 1105, 0, 0
2239, 0, 977, 1047, 599, 34, 33.76%, 0, 0, 4, 36.20, 75803, 1105, 0, 0
2241, 0, 977, 1047, 599, 34, 33.76%, 0, 0, 4, 0.00, 75868, 1105, 0, 0
