# relative_time, cycles_done, cur_item, corpus_count, pending_total, pending_favs, map_size, saved_crashes, saved_hangs, max_depth, execs_per_sec, total_execs, edges_found, total_crashes, servers_count
63, 0, 13, 300, 253, 36, 39.82%, 0, 0, 2, 2.24, 3469, 217, 0, 0
68, 0, 13, 300, 253, 36, 39.82%, 0, 0, 2, 4.87, 3510, 217, 0, 0
77, 0, 13, 301, 254, 36, 39.82%, 0, 0, 2, 6.06, 3562, 217, 0, 0
82, 0, 13, 302, 255, 36, 39.82%, 0, 0, 2, 2.82, 3614, 217, 0, 0
87, 0, 13, 302, 255, 36, 39.82%, 0, 0, 2, 6.73, 3668, 217, 0, 0
93, 0, 13, 303, 256, 36, 40.00%, 0, 0, 2, 39.47, 3740, 218, 0, 0
98, 0, 13, 303, 256, 36, 40.00%, 0, 0, 2, 16.99, 3795, 218, 0, 0
103, 0, 13, 303, 256, 36, 40.00%, 0, 0, 2, 14.21, 3855, 218, 0, 0
108, 0, 13, 303, 256, 36, 40.00%, 0, 0, 2, 4.34, 3912, 218, 0, 0
113, 0, 13, 303, 256, 36, 40.00%, 0, 0, 2, 23.44, 3964, 218, 0, 0
118, 0, 13, 304, 257, 36, 40.00%, 0, 0, 2, 4.71, 4015, 218, 0, 0
123, 0, 13, 304, 257, 36, 40.00%, 0, 0, 2, 6.45, 4060, 218, 0, 0
128, 0, 13, 304, 257, 36, 40.00%, 0, 0, 2, 8.07, 4110, 218, 0, 0
133, 0, 13, 304, 257, 36, 40.00%, 0, 0, 2, 11.72, 4187, 218, 0, 0
138, 0, 13, 304, 257, 36, 40.00%, 0, 0, 2, 17.22, 4221, 218, 0, 0
143, 0, 13, 305, 258, 36, 40.18%, 0, 0, 2, 17.17, 4311, 219, 0, 0
149, 0, 13, 305, 258, 36, 40.18%, 0, 0, 2, 18.75, 4345, 219, 0, 0
154, 0, 13, 305, 258, 36, 40.18%, 0, 0, 2, 1.99, 4400, 219, 0, 0
159, 0, 13, 305, 258, 36, 40.18%, 0, 0, 2, 3.98, 4461, 219, 0, 0
164, 0, 13, 306, 259, 36, 40.37%, 0, 0, 2, 4.26, 4514, 220, 0, 0
169, 0, 13, 306, 259, 36, 40.37%, 0, 0, 2, 8.01, 4575, 220, 0, 0
174, 0, 13, 306, 259, 36, 40.37%, 0, 0, 2, 8.00, 4618, 220, 0, 0
179, 0, 13, 307, 260, 36, 40.37%, 0, 0, 2, 9.88, 4688, 220, 0, 0
184, 0, 13, 307, 260, 36, 40.37%, 0, 0, 2, 8.46, 4724, 220, 0, 0
189, 0, 13, 307, 260, 36, 40.37%, 0, 0, 2, 7.20, 4755, 220, 0, 0
194, 0, 13, 307, 260, 36, 40.37%, 0, 0, 2, 9.56, 4816, 220, 0, 0
199, 0, 13, 307, 260, 36, 40.37%, 0, 0, 2, 18.76, 4890, 220, 0, 0
204, 0, 13, 307, 260, 36, 40.37%, 0, 0, 2, 2.88, 4942, 220, 0, 0
209, 0, 13, 307, 260, 36, 40.37%, 0, 0, 2, 5.99, 4989, 220, 0, 0
214, 0, 13, 307, 260, 36, 40.37%, 0, 0, 2, 6.20, 5024, 220, 0, 0
222, 0, 13, 308, 261, 36, 40.55%, 0, 0, 2, 7.23, 5067, 221, 0, 0
227, 0, 13, 308, 261, 36, 40.55%, 0, 0, 2, 9.71, 5127, 221, 0, 0
232, 0, 13, 308, 261, 36, 40.55%, 0, 0, 2, 10.67, 5185, 221, 0, 0
237, 0, 13, 308, 261, 36, 40.55%, 0, 0, 2, 1.99, 5269, 221, 0, 0
242, 0, 13, 308, 261, 36, 40.55%, 0, 0, 2, 16.30, 5347, 221, 0, 0
247, 0, 13, 308, 261, 36, 40.55%, 0, 0, 2, 28.44, 5394, 221, 0, 0
253, 0, 13, 308, 261, 36, 40.55%, 0, 0, 2, 4.82, 5444, 221, 0, 0
258, 0, 13, 308, 261, 36, 40.55%, 0, 0, 2, 6.42, 5488, 221, 0, 0
263, 0, 13, 308, 261, 36, 40.55%, 0, 0, 2, 6.57, 5520, 221, 0, 0
268, 0, 13, 308, 261, 36, 40.55%, 0, 0, 2, 7.80, 5570, 221, 0, 0
273, 0, 13, 308, 261, 36, 40.55%, 0, 0, 2, 9.38, 5629, 221, 0, 0
278, 0, 13, 308, 261, 36, 40.55%, 0, 0, 2, 1.99, 5682, 221, 0, 0
283, 0, 13, 308, 261, 36, 40.55%, 0, 0, 2, 1.99, 5726, 221, 0, 0
288, 0, 13, 308, 261, 36, 40.55%, 0, 0, 2, 4.11, 5766, 221, 0, 0
293, 0, 13, 308, 261, 36, 40.55%, 0, 0, 2, 16.94, 5845, 221, 0, 0
298, 0, 13, 308, 261, 36, 40.55%, 0, 0, 2, 19.42, 5900, 221, 0, 0
303, 0, 13, 308, 261, 36, 40.55%, 0, 0, 2, 16.72, 5968, 221, 0, 0
308, 0, 13, 308, 261, 36, 40.55%, 0, 0, 2, 2.36, 6026, 221, 0, 0
313, 0, 13, 308, 261, 36, 40.55%, 0, 0, 2, 22.58, 6079, 221, 0, 0
319, 0, 13, 308, 261, 36, 40.55%, 0, 0, 2, 5.55, 6114, 221, 0, 0
324, 0, 13, 308, 261, 36, 40.55%, 0, 0, 2, 7.43, 6165, 221, 0, 0
329, 0, 13, 308, 261, 36, 40.55%, 0, 0, 2, 8.58, 6214, 221, 0, 0
334, 0, 13, 308, 261, 36, 40.55%, 0, 0, 2, 9.90, 6271, 221, 0, 0
339, 0, 13, 308, 261, 36, 40.55%, 0, 0, 2, 12.94, 6323, 221, 0, 0
344, 0, 13, 308, 261, 36, 40.55%, 0, 0, 2, 6.28, 6376, 221, 0, 0
349, 0, 13, 308, 261, 36, 40.55%, 0, 0, 2, 6.51, 6412, 221, 0, 0
354, 0, 13, 308, 261, 36, 40.55%, 0, 0, 2, 8.85, 6472, 221, 0, 0
359, 0, 13, 308, 261, 36, 40.55%, 0, 0, 2, 9.47, 6524, 221, 0, 0
364, 0, 13, 308, 261, 36, 40.55%, 0, 0, 2, 8.66, 6563, 221, 0, 0
369, 0, 13, 308, 261, 36, 40.55%, 0, 0, 2, 8.34, 6604, 221, 0, 0
374, 0, 13, 308, 261, 36, 40.55%, 0, 0, 2, 9.94, 6663, 221, 0, 0
379, 0, 13, 308, 261, 36, 40.55%, 0, 0, 2, 13.34, 6749, 221, 0, 0
385, 0, 13, 308, 261, 36, 40.55%, 0, 0, 2, 15.49, 6818, 221, 0, 0
390, 0, 13, 308, 261, 36, 40.55%, 0, 0, 2, 16.59, 6908, 221, 0, 0
395, 0, 13, 308, 261, 36, 40.55%, 0, 0, 2, 14.59, 6960, 221, 0, 0
400, 0, 13, 308, 261, 36, 40.55%, 0, 0, 2, 2.48, 7008, 221, 0, 0
405, 0, 13, 308, 261, 36, 40.55%, 0, 0, 2, 13.25, 7066, 221, 0, 0
410, 0, 13, 308, 261, 36, 40.55%, 0, 0, 2, 25.41, 7115, 221, 0, 0
415, 0, 13, 308, 261, 36, 40.55%, 0, 0, 2, 4.08, 7158, 221, 0, 0
420, 0, 13, 308, 261, 36, 40.55%, 0, 0, 2, 2.59, 7197, 221, 0, 0
425, 0, 13, 308, 261, 36, 40.55%, 0, 0, 2, 1.99, 7245, 221, 0, 0
430, 0, 13, 308, 261, 36, 40.55%, 0, 0, 2, 12.30, 7280, 221, 0, 0
435, 0, 13, 308, 261, 36, 40.55%, 0, 0, 2, 12.33, 7344, 221, 0, 0
440, 0, 13, 308, 261, 36, 40.55%, 0, 0, 2, 13.08, 7424, 221, 0, 0
446, 0, 13, 308, 261, 36, 40.55%, 0, 0, 2, 10.94, 7467, 221, 0, 0
451, 0, 13, 309, 262, 36, 40.55%, 0, 0, 2, 11.48, 7527, 221, 0, 0
456, 0, 13, 309, 262, 36, 40.55%, 0, 0, 2, 11.92, 7572, 221, 0, 0
461, 0, 13, 309, 262, 36, 40.55%, 0, 0, 2, 14.28, 7622, 221, 0, 0
466, 0, 13, 309, 262, 36, 40.55%, 0, 0, 2, 2.11, 7676, 221, 0, 0
471, 0, 13, 309, 262, 36, 40.55%, 0, 0, 2, 7.24, 7744, 221, 0, 0
476, 0, 13, 309, 262, 36, 40.55%, 0, 0, 2, 8.15, 7788, 221, 0, 0
481, 0, 13, 309, 262, 36, 40.55%, 0, 0, 2, 1.99, 7854, 221, 0, 0
486, 0, 13, 309, 262, 36, 40.55%, 0, 0, 2, 5.98, 7924, 221, 0, 0
491, 0, 13, 309, 262, 36, 40.55%, 0, 0, 2, 7.32, 7968, 221, 0, 0
496, 0, 13, 309, 262, 36, 40.55%, 0, 0, 2, 8.73, 8021, 221, 0, 0
501, 0, 13, 309, 262, 36, 40.55%, 0, 0, 2, 8.41, 8061, 221, 0, 0
506, 0, 13, 309, 262, 36, 40.55%, 0, 0, 2, 6.55, 8118, 221, 0, 0
512, 0, 13, 309, 262, 36, 40.55%, 0, 0, 2, 7.73, 8168, 221, 0, 0
517, 0, 13, 309, 262, 36, 40.55%, 0, 0, 2, 7.54, 8204, 221, 0, 0
522, 0, 13, 309, 262, 36, 40.55%, 0, 0, 2, 7.86, 8248, 221, 0, 0
527, 0, 13, 309, 262, 36, 40.55%, 0, 0, 2, 9.70, 8306, 221, 0, 0
532, 0, 13, 309, 262, 36, 40.55%, 0, 0, 2, 9.31, 8350, 221, 0, 0
537, 0, 13, 309, 262, 36, 40.55%, 0, 0, 2, 8.10, 8383, 221, 0, 0
542, 0, 13, 309, 262, 36, 40.55%, 0, 0, 2, 8.20, 8424, 221, 0, 0
547, 0, 13, 309, 262, 36, 40.55%, 0, 0, 2, 7.16, 8453, 221, 0, 0
552, 0, 13, 309, 262, 36, 40.55%, 0, 0, 2, 7.60, 8494, 221, 0, 0
557, 0, 13, 309, 262, 36, 40.55%, 0, 0, 2, 8.20, 8537, 221, 0, 0
562, 0, 13, 309, 262, 36, 40.55%, 0, 0, 2, 6.51, 8604, 221, 0, 0
567, 0, 13, 309, 262, 36, 40.55%, 0, 0, 2, 7.75, 8649, 221, 0, 0
572, 0, 13, 309, 262, 36, 40.55%, 0, 0, 2, 6.36, 8675, 221, 0, 0
577, 0, 13, 309, 262, 36, 40.55%, 0, 0, 2, 9.48, 8742, 221, 0, 0
582, 0, 13, 309, 262, 36, 40.55%, 0, 0, 2, 9.40, 8791, 221, 0, 0
588, 0, 13, 309, 262, 36, 40.55%, 0, 0, 2, 10.67, 8852, 221, 0, 0
593, 0, 13, 309, 262, 36, 40.55%, 0, 0, 2, 19.27, 8926, 221, 0, 0
598, 0, 13, 309, 262, 36, 40.55%, 0, 0, 2, 3.50, 8958, 221, 0, 0
603, 0, 13, 309, 262, 36, 40.55%, 0, 0, 2, 7.91, 9006, 221, 0, 0
608, 0, 13, 309, 262, 36, 40.55%, 0, 0, 2, 9.56, 9065, 221, 0, 0
613, 0, 13, 309, 262, 36, 40.55%, 0, 0, 2, 9.60, 9113, 221, 0, 0
618, 0, 13, 309, 262, 36, 40.55%, 0, 0, 2, 8.34, 9147, 221, 0, 0
623, 0, 13, 309, 262, 36, 40.55%, 0, 0, 2, 1.99, 9200, 221, 0, 0
628, 0, 13, 309, 262, 36, 40.55%, 0, 0, 2, 15.66, 9241, 221, 0, 0
633, 0, 13, 309, 262, 36, 40.55%, 0, 0, 2, 3.27, 9292, 221, 0, 0
638, 0, 13, 309, 262, 36, 40.55%, 0, 0, 2, 6.25, 9339, 221, 0, 0
643, 0, 13, 309, 262, 36, 40.55%, 0, 0, 2, 9.61, 9409, 221, 0, 0
648, 0, 13, 309, 262, 36, 40.55%, 0, 0, 2, 19.46, 9480, 221, 0, 0
654, 0, 13, 310, 263, 36, 40.55%, 0, 0, 2, 2.48, 9556, 221, 0, 0
659, 0, 13, 310, 263, 36, 40.55%, 0, 0, 2, 2.24, 9591, 221, 0, 0
664, 0, 13, 310, 263, 36, 40.55%, 0, 0, 2, 1.99, 9656, 221, 0, 0
669, 0, 13, 310, 263, 36, 40.55%, 0, 0, 2, 16.50, 9709, 221, 0, 0
674, 0, 13, 310, 263, 36, 40.55%, 0, 0, 2, 11.77, 9741, 221, 0, 0
682, 0, 13, 311, 264, 36, 40.73%, 0, 0, 2, 2.01, 9816, 222, 0, 0
688, 0, 13, 311, 264, 36, 40.73%, 0, 0, 2, 16.91, 9856, 222, 0, 0
693, 0, 13, 311, 264, 36, 40.73%, 0, 0, 2, 2.23, 9914, 222, 0, 0
698, 0, 13, 311, 264, 36, 40.73%, 0, 0, 2, 1.99, 9973, 222, 0, 0
703, 0, 13, 311, 264, 36, 40.73%, 0, 0, 2, 13.06, 10003, 222, 0, 0
708, 0, 13, 311, 264, 36, 40.73%, 0, 0, 2, 13.95, 10082, 222, 0, 0
713, 0, 13, 311, 264, 36, 40.73%, 0, 0, 2, 22.72, 10146, 222, 0, 0
718, 0, 13, 311, 264, 36, 40.73%, 0, 0, 2, 4.89, 10176, 222, 0, 0
723, 0, 13, 311, 264, 36, 40.73%, 0, 0, 2, 6.31, 10242, 222, 0, 0
728, 0, 13, 311, 264, 36, 40.73%, 0, 0, 2, 7.66, 10285, 222, 0, 0
733, 0, 13, 311, 264, 36, 40.73%, 0, 0, 2, 6.03, 10307, 222, 0, 0
738, 0, 13, 311, 264, 36, 40.73%, 0, 0, 2, 6.31, 10342, 222, 0, 0
743, 0, 13, 311, 264, 36, 40.73%, 0, 0, 2, 4.70, 10390, 222, 0, 0
748, 0, 13, 311, 264, 36, 40.73%, 0, 0, 2, 5.31, 10419, 222, 0, 0
753, 0, 13, 311, 264, 36, 40.73%, 0, 0, 2, 7.17, 10467, 222, 0, 0
758, 0, 13, 311, 264, 36, 40.73%, 0, 0, 2, 7.60, 10509, 222, 0, 0
764, 0, 13, 311, 264, 36, 40.73%, 0, 0, 2, 9.66, 10570, 222, 0, 0
769, 0, 13, 311, 264, 36, 40.73%, 0, 0, 2, 9.70, 10615, 222, 0, 0
774, 0, 13, 311, 264, 36, 40.73%, 0, 0, 2, 1.99, 10683, 222, 0, 0
779, 0, 13, 311, 264, 36, 40.73%, 0, 0, 2, 12.36, 10748, 222, 0, 0
784, 0, 13, 311, 264, 36, 40.73%, 0, 0, 2, 5.83, 10814, 222, 0, 0
789, 0, 13, 311, 264, 36, 40.73%, 0, 0, 2, 6.04, 10847, 222, 0, 0
794, 0, 13, 312, 265, 36, 40.92%, 0, 0, 2, 6.48, 10874, 223, 0, 0
800, 0, 13, 312, 265, 36, 40.92%, 0, 0, 2, 8.21, 10925, 223, 0, 0
805, 0, 13, 312, 265, 36, 40.92%, 0, 0, 2, 8.38, 10972, 223, 0, 0
810, 0, 13, 312, 265, 36, 40.92%, 0, 0, 2, 8.03, 11012, 223, 0, 0
815, 0, 13, 312, 265, 36, 40.92%, 0, 0, 2, 7.79, 11052, 223, 0, 0
820, 0, 13, 312, 265, 36, 40.92%, 0, 0, 2, 6.85, 11080, 223, 0, 0
825, 0, 13, 312, 265, 36, 40.92%, 0, 0, 2, 2.24, 11161, 223, 0, 0
830, 0, 13, 312, 265, 36, 40.92%, 0, 0, 2, 12.37, 11221, 223, 0, 0
835, 0, 13, 312, 265, 36, 40.92%, 0, 0, 2, 14.81, 11268, 223, 0, 0
840, 0, 13, 312, 265, 36, 40.92%, 0, 0, 2, 14.14, 11322, 223, 0, 0
845, 0, 13, 313, 266, 36, 40.92%, 0, 0, 2, 12.38, 11382, 223, 0, 0
850, 0, 13, 313, 266, 36, 40.92%, 0, 0, 2, 2.00, 11444, 223, 0, 0
855, 0, 13, 313, 266, 36, 40.92%, 0, 0, 2, 5.38, 11502, 223, 0, 0
860, 0, 13, 313, 266, 36, 40.92%, 0, 0, 2, 6.09, 11535, 223, 0, 0
866, 0, 13, 313, 266, 36, 40.92%, 0, 0, 2, 6.32, 11569, 223, 0, 0
871, 0, 13, 313, 266, 36, 40.92%, 0, 0, 2, 6.89, 11612, 223, 0, 0
876, 0, 13, 313, 266, 36, 40.92%, 0, 0, 2, 7.81, 11654, 223, 0, 0
881, 0, 13, 313, 266, 36, 40.92%, 0, 0, 2, 12.90, 11722, 223, 0, 0
886, 0, 13, 313, 266, 36, 40.92%, 0, 0, 2, 24.62, 11779, 223, 0, 0
891, 0, 13, 313, 266, 36, 40.92%, 0, 0, 2, 34.35, 11833, 223, 0, 0
896, 0, 13, 313, 266, 36, 40.92%, 0, 0, 2, 15.69, 11896, 223, 0, 0
901, 0, 13, 313, 266, 36, 40.92%, 0, 0, 2, 13.14, 11942, 223, 0, 0
906, 0, 13, 313, 266, 36, 40.92%, 0, 0, 2, 1.99, 11993, 223, 0, 0
911, 0, 13, 313, 266, 36, 40.92%, 0, 0, 2, 4.09, 12042, 223, 0, 0
916, 0, 13, 313, 266, 36, 40.92%, 0, 0, 2, 5.01, 12072, 223, 0, 0
922, 0, 13, 313, 266, 36, 40.92%, 0, 0, 2, 7.56, 12136, 223, 0, 0
927, 0, 13, 313, 266, 36, 40.92%, 0, 0, 2, 7.72, 12176, 223, 0, 0
927, 0, 14, 313, 266, 36, 40.92%, 0, 0, 2, 44.87, 12185, 223, 0, 0
990, 0, 14, 327, 280, 36, 43.12%, 0, 0, 2, 5.36, 12460, 235, 0, 0
995, 0, 14, 327, 280, 36, 43.12%, 0, 0, 2, 5.60, 12491, 235, 0, 0
1000, 0, 14, 327, 280, 36, 43.12%, 0, 0, 2, 6.42, 12529, 235, 0, 0
1005, 0, 14, 327, 280, 36, 43.12%, 0, 0, 2, 5.75, 12554, 235, 0, 0
1010, 0, 14, 327, 280, 36, 43.12%, 0, 0, 2, 6.04, 12587, 235, 0, 0
1015, 0, 14, 327, 280, 36, 43.12%, 0, 0, 2, 7.52, 12633, 235, 0, 0
1020, 0, 14, 327, 280, 36, 43.12%, 0, 0, 2, 6.25, 12657, 235, 0, 0
1025, 0, 14, 327, 280, 36, 43.12%, 0, 0, 2, 6.99, 12698, 235, 0, 0
1031, 0, 14, 327, 280, 36, 43.12%, 0, 0, 2, 6.81, 12730, 235, 0, 0
1036, 0, 14, 327, 280, 36, 43.12%, 0, 0, 2, 7.48, 12771, 235, 0, 0
1041, 0, 14, 327, 280, 36, 43.12%, 0, 0, 2, 6.65, 12803, 235, 0, 0
1046, 0, 14, 327, 280, 36, 43.12%, 0, 0, 2, 6.92, 12842, 235, 0, 0
1051, 0, 14, 327, 280, 36, 43.12%, 0, 0, 2, 7.19, 12879, 235, 0, 0
1056, 0, 14, 327, 280, 36, 43.12%, 0, 0, 2, 6.17, 12904, 235, 0, 0
1061, 0, 14, 327, 280, 36, 43.12%, 0, 0, 2, 7.03, 12945, 235, 0, 0
1066, 0, 14, 327, 280, 36, 43.12%, 0, 0, 2, 6.93, 12980, 235, 0, 0
1071, 0, 14, 327, 280, 36, 43.12%, 0, 0, 2, 7.76, 13020, 235, 0, 0
1076, 0, 14, 327, 280, 36, 43.12%, 0, 0, 2, 7.69, 13059, 235, 0, 0
1081, 0, 14, 327, 280, 36, 43.12%, 0, 0, 2, 6.68, 13089, 235, 0, 0
1086, 0, 14, 327, 280, 36, 43.12%, 0, 0, 2, 6.12, 13117, 235, 0, 0
1091, 0, 14, 327, 280, 36, 43.12%, 0, 0, 2, 6.71, 13153, 235, 0, 0
1096, 0, 14, 327, 280, 36, 43.12%, 0, 0, 2, 5.94, 13178, 235, 0, 0
1101, 0, 14, 327, 280, 36, 43.12%, 0, 0, 2, 7.68, 13224, 235, 0, 0
1106, 0, 14, 327, 280, 36, 43.12%, 0, 0, 2, 6.91, 13256, 235, 0, 0
1111, 0, 14, 327, 280, 36, 43.12%, 0, 0, 2, 6.56, 13286, 235, 0, 0
1116, 0, 14, 327, 280, 36, 43.12%, 0, 0, 2, 5.80, 13312, 235, 0, 0
1121, 0, 14, 327, 280, 36, 43.12%, 0, 0, 2, 5.70, 13343, 235, 0, 0
1127, 0, 14, 327, 280, 36, 43.12%, 0, 0, 2, 6.85, 13384, 235, 0, 0
1132, 0, 14, 327, 280, 36, 43.12%, 0, 0, 2, 7.05, 13425, 235, 0, 0
1137, 0, 14, 327, 280, 36, 43.12%, 0, 0, 2, 6.11, 13452, 235, 0, 0
1142, 0, 14, 327, 280, 36, 43.12%, 0, 0, 2, 6.74, 13488, 235, 0, 0
1147, 0, 14, 327, 280, 36, 43.12%, 0, 0, 2, 6.25, 13517, 235, 0, 0
1152, 0, 14, 327, 280, 36, 43.12%, 0, 0, 2, 7.05, 13558, 235, 0, 0
1157, 0, 14, 327, 280, 36, 43.12%, 0, 0, 2, 8.27, 13607, 235, 0, 0
1162, 0, 14, 327, 280, 36, 43.12%, 0, 0, 2, 6.88, 13635, 235, 0, 0
1167, 0, 14, 327, 280, 36, 43.12%, 0, 0, 2, 6.87, 13672, 235, 0, 0
1172, 0, 14, 327, 280, 36, 43.12%, 0, 0, 2, 7.20, 13710, 235, 0, 0
1177, 0, 14, 327, 280, 36, 43.12%, 0, 0, 2, 7.46, 13748, 235, 0, 0
1182, 0, 14, 327, 280, 36, 43.12%, 0, 0, 2, 6.52, 13778, 235, 0, 0
1187, 0, 14, 327, 280, 36, 43.12%, 0, 0, 2, 5.86, 13804, 235, 0, 0
1192, 0, 14, 327, 280, 36, 43.12%, 0, 0, 2, 6.84, 13844, 235, 0, 0
1197, 0, 14, 327, 280, 36, 43.12%, 0, 0, 2, 7.68, 13889, 235, 0, 0
1202, 0, 14, 328, 281, 36, 43.12%, 0, 0, 2, 8.03, 13928, 235, 0, 0
1207, 0, 14, 328, 281, 36, 43.12%, 0, 0, 2, 7.32, 13961, 235, 0, 0
1213, 0, 14, 328, 281, 36, 43.12%, 0, 0, 2, 6.21, 13986, 235, 0, 0
1218, 0, 14, 328, 281, 36, 43.12%, 0, 0, 2, 6.45, 14022, 235, 0, 0
1223, 0, 14, 328, 281, 36, 43.12%, 0, 0, 2, 7.48, 14070, 235, 0, 0
1224, 0, 15, 328, 281, 36, 43.12%, 0, 0, 2, 0.00, 14072, 235, 0, 0
