# relative_time, cycles_done, cur_item, corpus_count, pending_total, pending_favs, map_size, saved_crashes, saved_hangs, max_depth, execs_per_sec, total_execs, edges_found, total_crashes, servers_count
61, 0, 3, 178, 162, 53, 4.85%, 0, 0, 2, 35.56, 2912, 1496, 0, 0
66, 0, 3, 179, 163, 53, 4.86%, 0, 0, 2, 36.66, 3097, 1499, 0, 0
71, 0, 3, 180, 164, 53, 4.86%, 0, 0, 2, 35.72, 3268, 1501, 0, 0
77, 0, 3, 182, 166, 53, 4.89%, 0, 0, 2, 36.70, 3461, 1508, 0, 0
82, 0, 3, 182, 166, 53, 4.89%, 0, 0, 2, 35.24, 3641, 1508, 0, 0
87, 0, 3, 184, 168, 53, 4.91%, 0, 0, 2, 35.86, 3823, 1514, 0, 0
92, 0, 3, 184, 168, 53, 4.91%, 0, 0, 2, 36.04, 4009, 1514, 0, 0
97, 0, 3, 185, 169, 53, 4.91%, 0, 0, 2, 36.29, 4197, 1515, 0, 0
102, 0, 3, 187, 171, 53, 4.93%, 0, 0, 2, 35.75, 4380, 1520, 0, 0
107, 0, 3, 187, 171, 53, 4.93%, 0, 0, 2, 35.62, 4562, 1520, 0, 0
113, 0, 3, 187, 171, 53, 4.93%, 0, 0, 2, 36.16, 4750, 1520, 0, 0
118, 0, 3, 187, 171, 53, 4.93%, 0, 0, 2, 35.91, 4929, 1520, 0, 0
123, 0, 3, 188, 172, 53, 4.95%, 0, 0, 2, 36.31, 5114, 1527, 0, 0
128, 0, 3, 188, 172, 53, 4.95%, 0, 0, 2, 36.40, 5299, 1527, 0, 0
133, 0, 3, 189, 173, 53, 4.95%, 0, 0, 2, 36.70, 5489, 1528, 0, 0
138, 0, 3, 189, 173, 53, 4.95%, 0, 0, 2, 35.51, 5671, 1528, 0, 0
143, 0, 3, 189, 173, 53, 4.95%, 0, 0, 2, 33.94, 5842, 1528, 0, 0
148, 0, 3, 190, 174, 53, 4.95%, 0, 0, 2, 35.04, 6022, 1528, 0, 0
153, 0, 3, 191, 175, 53, 4.96%, 0, 0, 2, 35.27, 6204, 1530, 0, 0
158, 0, 3, 191, 175, 53, 4.96%, 0, 0, 2, 35.94, 6389, 1530, 0, 0
164, 0, 3, 191, 175, 53, 4.96%, 0, 0, 2, 34.26, 6567, 1530, 0, 0
169, 0, 3, 192, 176, 53, 4.96%, 0, 0, 2, 35.34, 6750, 1530, 0, 0
174, 0, 3, 193, 177, 53, 4.98%, 0, 0, 2, 36.37, 6936, 1536, 0, 0
179, 0, 3, 194, 178, 53, 4.99%, 0, 0, 2, 36.66, 7121, 1541, 0, 0
184, 0, 3, 194, 178, 53, 4.99%, 0, 0, 2, 36.47, 7309, 1541, 0, 0
189, 0, 3, 195, 179, 53, 5.00%, 0, 0, 2, 34.69, 7479, 1542, 0, 0
194, 0, 3, 195, 179, 53, 5.00%, 0, 0, 2, 35.72, 7663, 1542, 0, 0
199, 0, 3, 195, 179, 53, 5.00%, 0, 0, 2, 35.57, 7844, 1542, 0, 0
204, 0, 3, 198, 182, 53, 5.02%, 0, 0, 2, 36.03, 8032, 1549, 0, 0
209, 0, 3, 199, 183, 53, 5.02%, 0, 0, 2, 35.20, 8201, 1550, 0, 0
215, 0, 3, 199, 183, 53, 5.02%, 0, 0, 2, 35.68, 8384, 1550, 0, 0
220, 0, 3, 199, 183, 53, 5.02%, 0, 0, 2, 36.22, 8571, 1550, 0, 0
225, 0, 3, 199, 183, 53, 5.02%, 0, 0, 2, 37.10, 8759, 1550, 0, 0
230, 0, 3, 201, 185, 53, 5.03%, 0, 0, 2, 36.18, 8944, 1551, 0, 0
235, 0, 3, 201, 185, 53, 5.03%, 0, 0, 2, 35.67, 9128, 1551, 0, 0
240, 0, 3, 201, 185, 53, 5.03%, 0, 0, 2, 35.51, 9310, 1551, 0, 0
245, 0, 3, 203, 187, 53, 5.04%, 0, 0, 2, 35.56, 9487, 1555, 0, 0
250, 0, 3, 203, 187, 53, 5.04%, 0, 0, 2, 36.16, 9672, 1555, 0, 0
256, 0, 3, 203, 187, 53, 5.04%, 0, 0, 2, 35.63, 9853, 1555, 0, 0
261, 0, 3, 203, 187, 53, 5.04%, 0, 0, 2, 34.98, 10027, 1555, 0, 0
266, 0, 3, 203, 187, 53, 5.04%, 0, 0, 2, 35.64, 10209, 1555, 0, 0
271, 0, 3, 204, 188, 53, 5.05%, 0, 0, 2, 35.54, 10386, 1559, 0, 0
276, 0, 3, 205, 189, 53, 5.06%, 0, 0, 2, 35.63, 10570, 1561, 0, 0
281, 0, 3, 205, 189, 53, 5.06%, 0, 0, 2, 36.07, 10755, 1561, 0, 0
286, 0, 3, 205, 189, 53, 5.06%, 0, 0, 2, 36.54, 10942, 1561, 0, 0
291, 0, 3, 206, 190, 53, 5.06%, 0, 0, 2, 36.14, 11120, 1562, 0, 0
296, 0, 3, 206, 190, 53, 5.06%, 0, 0, 2, 36.03, 11304, 1562, 0, 0
301, 0, 3, 206, 190, 53, 5.06%, 0, 0, 2, 36.32, 11487, 1562, 0, 0
306, 0, 3, 207, 191, 53, 5.06%, 0, 0, 2, 35.42, 11669, 1562, 0, 0
311, 0, 3, 207, 191, 53, 5.06%, 0, 0, 2, 35.95, 11854, 1562, 0, 0
316, 0, 3, 208, 192, 53, 5.07%, 0, 0, 2, 35.54, 12032, 1563, 0, 0
322, 0, 3, 208, 192, 53, 5.07%, 0, 0, 2, 36.09, 12218, 1563, 0, 0
327, 0, 3, 208, 192, 53, 5.07%, 0, 0, 2, 35.82, 12401, 1563, 0, 0
332, 0, 6, 209, 192, 130, 5.07%, 0, 0, 2, 36.08, 12584, 1564, 0, 0
337, 0, 38, 212, 193, 129, 5.09%, 0, 0, 2, 35.84, 12765, 1571, 0, 0
342, 0, 38, 213, 194, 129, 5.09%, 0, 0, 2, 36.79, 12956, 1571, 0, 0
347, 0, 38, 213, 194, 129, 5.09%, 0, 0, 2, 36.40, 13140, 1571, 0, 0
352, 0, 38, 214, 195, 129, 5.10%, 0, 0, 2, 36.73, 13322, 1573, 0, 0
358, 0, 38, 217, 198, 129, 5.11%, 0, 0, 2, 35.67, 13513, 1576, 0, 0
363, 0, 38, 218, 199, 129, 5.11%, 0, 0, 2, 36.43, 13702, 1578, 0, 0
368, 0, 38, 219, 200, 129, 5.12%, 0, 0, 2, 37.35, 13894, 1580, 0, 0
373, 0, 38, 220, 201, 129, 5.13%, 0, 0, 2, 36.67, 14079, 1582, 0, 0
378, 0, 38, 221, 202, 129, 5.13%, 0, 0, 2, 36.22, 14259, 1583, 0, 0
383, 0, 38, 221, 202, 129, 5.13%, 0, 0, 2, 35.84, 14441, 1583, 0, 0
388, 0, 38, 222, 203, 129, 5.13%, 0, 0, 2, 35.66, 14617, 1584, 0, 0
393, 0, 38, 224, 205, 129, 5.15%, 0, 0, 2, 36.91, 14806, 1588, 0, 0
398, 0, 38, 224, 205, 129, 5.15%, 0, 0, 2, 37.30, 14998, 1588, 0, 0
404, 0, 38, 225, 206, 129, 5.15%, 0, 0, 2, 37.14, 15190, 1589, 0, 0
409, 0, 38, 227, 208, 129, 5.16%, 0, 0, 2, 36.80, 15379, 1593, 0, 0
414, 0, 8, 228, 208, 142, 5.17%, 0, 0, 2, 37.53, 15572, 1594, 0, 0
419, 0, 8, 228, 208, 142, 5.17%, 0, 0, 2, 38.04, 15763, 1594, 0, 0
424, 0, 8, 228, 208, 142, 5.17%, 0, 0, 2, 39.55, 15963, 1594, 0, 0
430, 0, 11, 228, 207, 142, 5.17%, 0, 0, 2, 39.52, 16204, 1594, 0, 0
435, 0, 11, 228, 207, 142, 5.17%, 0, 0, 2, 39.02, 16400, 1594, 0, 0
440, 0, 11, 228, 207, 142, 5.17%, 0, 0, 2, 38.76, 16600, 1594, 0, 0
445, 0, 11, 228, 207, 142, 5.17%, 0, 0, 2, 38.88, 16801, 1594, 0, 0
451, 0, 11, 229, 208, 142, 5.18%, 0, 0, 2, 38.52, 16995, 1597, 0, 0
456, 0, 11, 229, 208, 142, 5.18%, 0, 0, 2, 38.92, 17198, 1597, 0, 0
461, 0, 11, 229, 208, 142, 5.18%, 0, 0, 2, 37.67, 17386, 1597, 0, 0
466, 0, 11, 230, 209, 142, 5.18%, 0, 0, 2, 37.86, 17577, 1598, 0, 0
471, 0, 11, 230, 209, 142, 5.18%, 0, 0, 2, 37.49, 17766, 1598, 0, 0
476, 0, 11, 232, 211, 142, 5.19%, 0, 0, 2, 37.05, 17957, 1600, 0, 0
481, 0, 11, 232, 211, 142, 5.19%, 0, 0, 2, 36.75, 18143, 1600, 0, 0
486, 0, 11, 232, 211, 142, 5.19%, 0, 0, 2, 35.55, 18327, 1600, 0, 0
491, 0, 11, 232, 211, 142, 5.19%, 0, 0, 2, 37.57, 18522, 1600, 0, 0
497, 0, 11, 232, 211, 142, 5.19%, 0, 0, 2, 37.19, 18710, 1600, 0, 0
502, 0, 12, 237, 215, 144, 5.21%, 0, 0, 2, 36.67, 18901, 1608, 0, 0
507, 0, 12, 256, 234, 144, 5.58%, 0, 0, 2, 34.68, 19077, 1722, 0, 0
512, 0, 12, 271, 249, 144, 5.70%, 0, 0, 2, 34.60, 19262, 1758, 0, 0
517, 0, 12, 284, 262, 144, 5.90%, 0, 0, 2, 34.56, 19437, 1821, 0, 0
523, 0, 12, 290, 268, 144, 6.02%, 0, 0, 2, 33.92, 19618, 1858, 0, 0
528, 0, 12, 302, 280, 144, 6.43%, 0, 0, 2, 34.68, 19800, 1985, 0, 0
533, 0, 12, 308, 286, 144, 6.50%, 0, 0, 2, 34.82, 19975, 2007, 0, 0
538, 0, 12, 314, 292, 144, 6.53%, 0, 0, 2, 35.25, 20154, 2014, 0, 0
543, 0, 12, 317, 295, 144, 6.54%, 0, 0, 2, 34.17, 20330, 2018, 0, 0
548, 0, 12, 318, 296, 144, 6.54%, 0, 0, 2, 34.63, 20508, 2019, 0, 0
554, 0, 12, 318, 296, 144, 6.54%, 0, 0, 2, 34.41, 20684, 2019, 0, 0
559, 0, 12, 320, 298, 144, 6.55%, 0, 0, 2, 34.89, 20859, 2020, 0, 0
564, 0, 12, 321, 299, 144, 6.59%, 0, 0, 2, 34.96, 21040, 2032, 0, 0
569, 0, 12, 322, 300, 144, 6.59%, 0, 0, 2, 35.26, 21222, 2032, 0, 0
574, 0, 12, 323, 301, 144, 6.59%, 0, 0, 2, 35.14, 21403, 2032, 0, 0
579, 0, 12, 323, 301, 144, 6.59%, 0, 0, 2, 38.08, 21599, 2032, 0, 0
584, 0, 12, 327, 305, 144, 6.59%, 0, 0, 2, 39.53, 21775, 2032, 0, 0
661, 0, 49, 562, 540, 144, 7.63%, 0, 0, 2, 28.28, 24380, 2355, 0, 0
666, 0, 49, 575, 553, 144, 7.66%, 0, 0, 2, 33.07, 24556, 2365, 0, 0
671, 0, 49, 588, 566, 144, 7.70%, 0, 0, 2, 34.62, 24741, 2376, 0, 0
676, 0, 49, 590, 568, 144, 7.71%, 0, 0, 2, 34.69, 24917, 2380, 0, 0
681, 0, 49, 596, 574, 144, 7.87%, 0, 0, 2, 34.77, 25097, 2427, 0, 0
686, 0, 49, 604, 582, 144, 7.92%, 0, 0, 2, 35.16, 25276, 2443, 0, 0
691, 0, 49, 606, 584, 144, 7.92%, 0, 0, 2, 35.15, 25454, 2443, 0, 0
697, 0, 49, 606, 584, 144, 7.92%, 0, 0, 2, 34.72, 25629, 2443, 0, 0
702, 0, 49, 606, 584, 144, 7.92%, 0, 0, 2, 34.76, 25809, 2443, 0, 0
707, 0, 49, 607, 585, 144, 7.92%, 0, 0, 2, 34.81, 25986, 2444, 0, 0
712, 0, 49, 607, 585, 144, 7.92%, 0, 0, 2, 34.86, 26163, 2444, 0, 0
717, 0, 49, 608, 586, 144, 7.92%, 0, 0, 2, 34.93, 26339, 2444, 0, 0
722, 0, 49, 608, 586, 144, 7.92%, 0, 0, 2, 34.83, 26517, 2444, 0, 0
727, 0, 49, 608, 586, 144, 7.92%, 0, 0, 2, 34.50, 26691, 2444, 0, 0
732, 0, 49, 611, 589, 144, 7.92%, 0, 0, 2, 34.58, 26870, 2444, 0, 0
737, 0, 49, 611, 589, 144, 7.92%, 0, 0, 2, 35.01, 27049, 2444, 0, 0
742, 0, 49, 615, 593, 144, 7.92%, 0, 0, 2, 36.30, 27230, 2444, 0, 0
747, 0, 49, 615, 593, 144, 7.92%, 0, 0, 2, 39.69, 27439, 2444, 0, 0
753, 0, 49, 615, 593, 144, 7.92%, 0, 0, 2, 39.05, 27639, 2444, 0, 0
758, 0, 49, 615, 593, 144, 7.92%, 0, 0, 2, 38.98, 27836, 2444, 0, 0
763, 0, 49, 615, 593, 144, 7.92%, 0, 0, 2, 38.86, 28036, 2444, 0, 0
768, 0, 49, 615, 593, 144, 7.92%, 0, 0, 2, 38.95, 28234, 2444, 0, 0
773, 0, 49, 617, 595, 144, 7.93%, 0, 0, 2, 36.57, 28416, 2447, 0, 0
778, 0, 49, 619, 597, 144, 7.93%, 0, 0, 2, 35.45, 28592, 2447, 0, 0
783, 0, 49, 623, 601, 144, 7.94%, 0, 0, 2, 34.05, 28749, 2449, 0, 0
788, 0, 49, 626, 604, 144, 7.94%, 0, 0, 2, 35.33, 28919, 2450, 0, 0
793, 0, 49, 630, 608, 144, 7.94%, 0, 0, 2, 36.36, 29097, 2450, 0, 0
798, 0, 49, 632, 610, 144, 7.95%, 0, 0, 2, 35.20, 29262, 2452, 0, 0
804, 0, 49, 636, 614, 144, 7.96%, 0, 0, 2, 35.85, 29446, 2455, 0, 0
809, 0, 49, 638, 616, 144, 7.96%, 0, 0, 2, 35.29, 29629, 2455, 0, 0
814, 0, 49, 642, 620, 144, 7.96%, 0, 0, 2, 34.62, 29793, 2456, 0, 0
819, 0, 49, 645, 623, 144, 7.96%, 0, 0, 2, 35.63, 29970, 2456, 0, 0
824, 0, 49, 647, 625, 144, 7.96%, 0, 0, 2, 37.06, 30157, 2456, 0, 0
829, 0, 49, 648, 626, 144, 7.96%, 0, 0, 2, 36.88, 30348, 2456, 0, 0
834, 0, 49, 652, 630, 144, 7.96%, 0, 0, 2, 36.11, 30526, 2457, 0, 0
840, 0, 49, 654, 632, 144, 7.97%, 0, 0, 2, 34.99, 30700, 2459, 0, 0
845, 0, 49, 659, 637, 144, 7.97%, 0, 0, 2, 35.60, 30886, 2460, 0, 0
850, 0, 49, 661, 639, 144, 7.97%, 0, 0, 2, 35.38, 31055, 2460, 0, 0
855, 0, 49, 663, 641, 144, 7.97%, 0, 0, 2, 36.99, 31244, 2460, 0, 0
860, 0, 49, 666, 644, 144, 7.97%, 0, 0, 2, 35.07, 31414, 2460, 0, 0
865, 0, 49, 668, 646, 144, 7.98%, 0, 0, 2, 33.98, 31581, 2463, 0, 0
870, 0, 49, 670, 648, 144, 7.98%, 0, 0, 2, 35.84, 31751, 2463, 0, 0
876, 0, 49, 672, 650, 144, 7.99%, 0, 0, 2, 36.29, 31917, 2464, 0, 0
881, 0, 49, 673, 651, 144, 7.99%, 0, 0, 2, 37.69, 32113, 2464, 0, 0
886, 0, 49, 677, 655, 144, 7.99%, 0, 0, 2, 36.39, 32302, 2464, 0, 0
891, 0, 49, 679, 657, 144, 7.99%, 0, 0, 2, 35.60, 32481, 2465, 0, 0
896, 0, 49, 680, 658, 144, 7.99%, 0, 0, 2, 35.21, 32662, 2465, 0, 0
902, 0, 49, 681, 659, 144, 7.99%, 0, 0, 2, 34.39, 32820, 2465, 0, 0
907, 0, 49, 681, 659, 144, 7.99%, 0, 0, 2, 35.64, 33004, 2465, 0, 0
912, 0, 49, 682, 660, 144, 7.99%, 0, 0, 2, 36.76, 33188, 2465, 0, 0
917, 0, 49, 686, 664, 144, 7.99%, 0, 0, 2, 35.90, 33360, 2467, 0, 0
922, 0, 49, 687, 665, 144, 7.99%, 0, 0, 2, 36.42, 33544, 2467, 0, 0
928, 0, 49, 689, 667, 144, 7.99%, 0, 0, 2, 35.84, 33740, 2467, 0, 0
933, 0, 49, 691, 669, 144, 8.00%, 0, 0, 2, 35.67, 33921, 2469, 0, 0
938, 0, 49, 692, 670, 144, 8.00%, 0, 0, 2, 38.94, 34096, 2469, 0, 0
943, 0, 49, 694, 672, 144, 8.00%, 0, 0, 2, 37.06, 34275, 2469, 0, 0
948, 0, 49, 696, 674, 144, 8.00%, 0, 0, 2, 36.42, 34460, 2469, 0, 0
953, 0, 49, 698, 676, 144, 8.00%, 0, 0, 2, 35.88, 34640, 2470, 0, 0
958, 0, 49, 698, 676, 144, 8.00%, 0, 0, 2, 35.34, 34819, 2470, 0, 0
963, 0, 49, 699, 677, 144, 8.00%, 0, 0, 2, 36.79, 35007, 2470, 0, 0
968, 0, 49, 700, 678, 144, 8.01%, 0, 0, 2, 36.59, 35191, 2471, 0, 0
974, 0, 49, 703, 681, 144, 8.01%, 0, 0, 2, 35.38, 35379, 2472, 0, 0
979, 0, 49, 706, 684, 144, 8.01%, 0, 0, 2, 37.79, 35568, 2472, 0, 0
979, 0, 49, 706, 684, 144, 8.01%, 0, 0, 2, 36.94, 35570, 2472, 0, 0
